-1.004406547546386719e+01,2.225386351346969604e-01,5.000000000000000000e+02,-7.674181316792965113e+00,-6.148758411407470703e+00,8.100135251879692078e-03
-2.009853935241699219e+01,4.979396611452102661e-02,5.000000000000000000e+02,-1.317833080194890627e+01,-5.509891510009765625e+00,9.777097962796688080e-03
-2.209416770935058594e+01,2.791762910783290863e-02,1.980000000000000000e+02,-1.432844529015198454e+01,-4.855879783630371094e+00,8.384250849485397339e-02
-1.773128700256347656e+01,8.522872813045978546e-03,5.000000000000000000e+02,-1.884936019264664608e+01,-3.732831954956054688e+00,5.284696351736783981e-03
-1.782421875000000000e+01,6.929773837327957153e-03,1.100000000000000000e+02,-1.873642835315422417e+01,-3.661724805831909180e+00,8.665474131703376770e-03
-1.493826484680175781e+01,6.030204705893993378e-03,9.000000000000000000e+01,-1.832762866094994791e+01,-3.651169776916503906e+00,7.629895117133855820e-03
-1.223468208312988281e+01,6.003980524837970734e-03,3.000000000000000000e+00,-1.736922830399397810e+01,-3.376674175262451172e+00,6.132333073765039444e-03
-7.487834453582763672e+00,3.343062009662389755e-03,5.000000000000000000e+02,-2.171259384692904959e+01,-2.812232255935668945e+00,1.060512568801641464e-02
-7.686942100524902344e+00,3.335164627060294151e-03,3.000000000000000000e+00,-2.061028411809740035e+01,-2.736033439636230469e+00,3.114377148449420929e-03
-5.965517044067382812e+00,3.321238560602068901e-03,5.000000000000000000e+00,-1.957044846063286769e+01,-2.500545978546142578e+00,4.176893830299377441e-02
-1.181278467178344727e+00,3.281109966337680817e-03,1.600000000000000000e+01,-1.862482565537749934e+01,-2.723701238632202148e+00,5.846143141388893127e-02
3.702249765396118164e+00,3.275754163041710854e-03,4.000000000000000000e+00,-1.765685851400967721e+01,-2.876680135726928711e+00,3.298100084066390991e-02
5.055437088012695312e+00,3.161498578265309334e-03,1.090000000000000000e+02,-1.735775142497899637e+01,-2.218397378921508789e+00,1.788653060793876648e-02
1.896431565284729004e+00,3.161777509376406670e-03,2.000000000000000000e+00,-1.644467999619969234e+01,-2.457267045974731445e+00,4.425098747014999390e-02
1.489446163177490234e-01,3.005318809300661087e-03,4.550000000000000000e+02,-1.894171288134994313e+01,-1.966726541519165039e+00,9.843948297202587128e-03
2.877467870712280273e+00,3.007798921316862106e-03,2.600000000000000000e+01,-1.802033051155482823e+01,-1.951891064643859863e+00,2.284190058708190918e-02
2.776323258876800537e-01,3.057476365938782692e-03,1.320000000000000000e+02,-1.762219035870558415e+01,-1.973621606826782227e+00,6.362450309097766876e-03
-9.649100303649902344e-01,3.058609319850802422e-03,5.000000000000000000e+00,-1.670525296097636314e+01,-2.030448436737060547e+00,5.694380030035972595e-03
4.655159711837768555e-01,2.836785512045025826e-03,5.000000000000000000e+02,-1.955517167585450622e+01,-1.292397499084472656e+00,4.499822389334440231e-03
1.984212398529052734e+00,2.837957348674535751e-03,2.000000000000000000e+00,-1.853238109375526932e+01,-1.428480148315429688e+00,6.177187897264957428e-03
-1.747261047363281250e+00,2.815297571942210197e-03,2.440000000000000000e+02,-1.863774312002426115e+01,-1.283049464225769043e+00,4.214648157358169556e-03
2.593479394912719727e+00,2.802852541208267212e-03,9.500000000000000000e+01,-1.807294412524568372e+01,-1.319666862487792969e+00,4.664334468543529510e-03
5.374776363372802734e+00,2.815492218360304832e-03,6.000000000000000000e+00,-1.714367295092606369e+01,-1.285945177078247070e+00,6.676835939288139343e-03
1.816418528556823730e+00,2.844255417585372925e-03,1.000000000000000000e+01,-1.629726332013260048e+01,-1.330932736396789551e+00,6.731369998306035995e-03
1.471166491508483887e+00,2.638065721839666367e-03,2.560000000000000000e+02,-1.668537064938722381e+01,-1.010469675064086914e+00,8.085766807198524475e-03
1.548765897750854492e+00,2.638396574184298515e-03,3.000000000000000000e+01,-1.599781655467082508e+01,-9.778624773025512695e-01,3.854093141853809357e-03
2.390115499496459961e+00,2.639411948621273041e-03,2.000000000000000000e+00,-1.515267573805354928e+01,-8.899491429328918457e-01,6.962234154343605042e-03
-1.863600969314575195e+00,2.632800256833434105e-03,3.200000000000000000e+01,-1.448217132853833533e+01,-9.202191233634948730e-01,4.820984788239002228e-03
9.106363058090209961e-01,3.005707170814275742e-03,3.710000000000000000e+02,-1.642790320319681641e+01,-7.036502957344055176e-01,7.475978694856166840e-03
1.611157894134521484e+00,3.010869724676012993e-03,3.000000000000000000e+00,-1.556584022268764045e+01,-6.813512444496154785e-01,3.939456772059202194e-03
-3.232594728469848633e-01,3.017613664269447327e-03,5.000000000000000000e+00,-1.475047640629218293e+01,-7.273703217506408691e-01,3.833992872387170792e-03
-1.429070711135864258e+00,3.423585789278149605e-03,5.000000000000000000e+02,-1.729231774219598350e+01,-4.508466720581054688e-01,1.536665670573711395e-02
-2.508289337158203125e+00,3.413259517401456833e-03,3.000000000000000000e+00,-1.638615147937873573e+01,-3.281836509704589844e-01,7.434315513819456100e-03
-2.932139635086059570e+00,3.071787068620324135e-03,5.000000000000000000e+02,-1.881363690636865726e+01,-2.504213154315948486e-01,4.255733452737331390e-03
-4.439445495605468750e+00,3.064222168177366257e-03,3.000000000000000000e+00,-1.783213066823975979e+01,-5.894043669104576111e-02,5.666743498295545578e-03
1.142156124114990234e+00,3.050746629014611244e-03,5.000000000000000000e+00,-1.690558070060424001e+01,-1.981348730623722076e-02,6.404309067875146866e-03
1.947482466697692871e+00,3.046480240300297737e-03,2.000000000000000000e+00,-1.601544961667032396e+01,-7.923539727926254272e-02,6.719463970512151718e-03
1.332364797592163086e+00,3.043018979951739311e-03,2.000000000000000000e+00,-1.516942676771852128e+01,-6.086810678243637085e-02,4.448041319847106934e-03
2.847507476806640625e+00,3.188176080584526062e-03,9.300000000000000000e+01,-1.474080094720635969e+01,6.293196976184844971e-02,5.562382284551858902e-03
8.264319896697998047e-01,3.194203600287437439e-03,2.000000000000000000e+00,-1.395829863572546259e+01,-2.392214722931385040e-02,4.909603856503963470e-03
-5.203157663345336914e-01,3.253220580518245697e-03,5.900000000000000000e+01,-1.351702802684860494e+01,2.889843657612800598e-02,1.506956759840250015e-02
-1.054763793945312500e+00,3.238540142774581909e-03,1.300000000000000000e+01,-1.285445244701315204e+01,-4.366057366132736206e-02,6.407349370419979095e-03
-3.505312919616699219e+00,3.249135566875338554e-03,6.200000000000000000e+01,-1.245846873496501495e+01,1.392551362514495850e-01,1.725313812494277954e-02
-5.382931709289550781e+00,3.236915916204452515e-03,3.000000000000000000e+00,-1.179323664711964526e+01,-6.603449583053588867e-05,7.658375892788171768e-03
-5.032794475555419922e+00,2.994530135765671730e-03,4.800000000000000000e+01,-1.145028375594392145e+01,-1.381546258926391602e-03,6.337401457130908966e-03
3.725185871124267578e+00,2.885297173634171486e-03,4.400000000000000000e+01,-1.098383056125934942e+01,2.555200457572937012e-01,1.154198311269283295e-02
-2.595984458923339844e+00,3.100550733506679535e-03,1.550000000000000000e+02,-1.125854863606940981e+01,2.104795426130294800e-01,4.770103842020034790e-03
3.734237194061279297e+00,3.575090551748871803e-03,3.080000000000000000e+02,-1.237830104760973349e+01,2.047147750854492188e-01,6.767272949218750000e-03
2.339498996734619141e+00,3.992210142314434052e-03,6.400000000000000000e+01,-1.196996249206132035e+01,2.977833151817321777e-01,1.547232270240783691e-02
-1.839789390563964844e+00,4.078956786543130875e-03,1.310000000000000000e+02,-1.190395340199175500e+01,3.057858943939208984e-01,1.091808825731277466e-02
-2.289912223815917969e+00,4.055921453982591629e-03,3.000000000000000000e+00,-1.126764843047815390e+01,3.602009415626525879e-01,1.761481352150440216e-02
5.122076034545898438e+00,4.051345866173505783e-03,2.300000000000000000e+01,-1.071943586397518722e+01,4.351318776607513428e-01,1.174605544656515121e-02
-1.274816751480102539e+00,4.168222192674875259e-03,1.400000000000000000e+01,-1.018602197188320346e+01,2.222370654344558716e-01,1.996040903031826019e-02
-1.197541475296020508e+00,4.177713766694068909e-03,3.000000000000000000e+00,-9.660610162489348340e+00,3.617105484008789062e-01,1.048958394676446915e-02
-2.083217382431030273e+00,4.242400638759136200e-03,2.880000000000000000e+02,-1.116534356398790706e+01,5.403237342834472656e-01,1.169653981924057007e-02
2.582714796066284180e+00,4.207015968859195709e-03,5.000000000000000000e+00,-1.056819109151501657e+01,4.749904572963714600e-01,6.638116203248500824e-03
9.131810188293457031e+00,4.274112638086080551e-03,1.100000000000000000e+01,-1.004778030648333065e+01,4.975892901420593262e-01,3.106881119310855865e-02
1.794504523277282715e-01,4.762550350278615952e-03,2.600000000000000000e+01,-9.595551402646075090e+00,4.382639527320861816e-01,1.070221047848463058e-02
-5.859723091125488281e+00,5.083535332232713699e-03,6.400000000000000000e+01,-9.334462683736166611e+00,6.728920936584472656e-01,8.559166453778743744e-03
1.502513885498046875e+00,5.036865826696157455e-03,4.000000000000000000e+00,-8.830482949027853579e+00,6.341907382011413574e-01,8.440680801868438721e-03
4.029278755187988281e+00,4.930243361741304398e-03,1.400000000000000000e+01,-8.399715476357902944e+00,5.810812115669250488e-01,2.398514933884143829e-02
5.165505409240722656e+00,4.933208692818880081e-03,2.000000000000000000e+00,-7.934532211937275648e+00,5.094938278198242188e-01,2.546012215316295624e-02
1.081394481658935547e+01,4.980518482625484467e-03,5.000000000000000000e+00,-7.527316619400560072e+00,4.997648298740386963e-01,2.010132186114788055e-02
-5.164729952812194824e-01,5.087126512080430984e-03,3.600000000000000000e+01,-7.202043357215484498e+00,5.615911483764648438e-01,9.076637215912342072e-03
3.820024728775024414e-01,5.064330063760280609e-03,1.000000000000000000e+01,-6.842362053281121348e+00,4.906429648399353027e-01,1.726703532040119171e-02
-1.685853600502014160e+00,5.058983806520700455e-03,2.000000000000000000e+00,-6.455189396422853498e+00,6.440708041191101074e-01,2.178002148866653442e-02
2.441058635711669922e+00,5.025496706366539001e-03,1.400000000000000000e+01,-6.134663162325980856e+00,6.268219351768493652e-01,7.019079755991697311e-03
-2.660739183425903320e+00,5.496224388480186462e-03,2.870000000000000000e+02,-7.011970322546019929e+00,6.180860400199890137e-01,9.530691429972648621e-03
-5.529726505279541016e+00,5.527690518647432327e-03,3.000000000000000000e+00,-6.619606165183903990e+00,6.034578084945678711e-01,1.115908566862344742e-02
-5.805872917175292969e+00,5.512074567377567291e-03,1.000000000000000000e+01,-6.276080828223284058e+00,5.066669583320617676e-01,6.316986866295337677e-03
-5.843465805053710938e+00,5.424817092716693878e-03,8.000000000000000000e+00,-5.948413099222355171e+00,6.738663315773010254e-01,1.148604415357112885e-02
-1.994818687438964844e+00,5.243806634098291397e-03,2.500000000000000000e+01,-5.668026945284827534e+00,7.203455567359924316e-01,1.251330506056547165e-02
-1.293205022811889648e+00,5.229169502854347229e-03,3.000000000000000000e+00,-5.343755281321438844e+00,7.623612284660339355e-01,1.944853737950325012e-02
-4.307239532470703125e+00,4.886802751570940018e-03,2.400000000000000000e+01,-5.153261361491800585e+00,7.436848878860473633e-01,7.622299715876579285e-03
-8.182822465896606445e-01,4.858898930251598358e-03,2.000000000000000000e+00,-4.850533131458873548e+00,7.342064976692199707e-01,7.491488941013813019e-03
-1.798520565032958984e+00,4.726488143205642700e-03,1.100000000000000000e+01,-4.629463713381279710e+00,5.619509220123291016e-01,9.508458897471427917e-03
2.044544458389282227e+00,4.722298122942447662e-03,1.900000000000000000e+01,-4.405212793089856582e+00,5.389415025711059570e-01,1.944395527243614197e-02
8.937891125679016113e-01,4.833178129047155380e-03,2.700000000000000000e+01,-4.241011075659110396e+00,7.085980176925659180e-01,9.901663288474082947e-03
-1.147181272506713867e+00,4.815492313355207443e-03,4.000000000000000000e+00,-3.990654755368171713e+00,6.440082788467407227e-01,1.715567149221897125e-02
4.160204887390136719e+00,4.800541792064905167e-03,7.000000000000000000e+00,-3.777481457390011954e+00,7.932646274566650391e-01,5.293481051921844482e-02
-3.262644767761230469e+00,5.010890774428844452e-03,3.000000000000000000e+01,-3.600875828205536422e+00,5.268163084983825684e-01,8.200759999454021454e-03
-5.272172927856445312e+00,5.015788599848747253e-03,3.000000000000000000e+00,-3.380316514136434858e+00,5.375730991363525391e-01,2.535130642354488373e-02
2.271601676940917969e+00,5.168420262634754181e-03,3.400000000000000000e+01,-3.266502335301477711e+00,5.180370807647705078e-01,3.181874006986618042e-02
-2.125039100646972656e+00,5.286892410367727280e-03,1.300000000000000000e+01,-3.124093032094207523e+00,7.435523867607116699e-01,1.534206233918666840e-02
-1.248030424118041992e+00,5.280996672809123993e-03,1.300000000000000000e+01,-2.987792354910819626e+00,5.321511030197143555e-01,1.373400259763002396e-02
-8.020070195198059082e-01,5.470209289342164993e-03,2.500000000000000000e+01,-2.901272786269373238e+00,5.947222113609313965e-01,2.367263101041316986e-02
-2.140211105346679688e+00,5.493512842804193497e-03,3.000000000000000000e+00,-2.715300708616075198e+00,6.635626554489135742e-01,2.007581293582916260e-02
2.547402858734130859e+00,6.084061693400144577e-03,8.400000000000000000e+01,-2.828598567097467598e+00,6.649655103683471680e-01,1.195884495973587036e-02
-3.390693426132202148e+00,6.212182343006134033e-03,2.300000000000000000e+01,-2.717928868307797341e+00,6.537860631942749023e-01,1.851380802690982819e-02
-7.370855212211608887e-01,6.068196147680282593e-03,2.100000000000000000e+01,-2.615226187306564753e+00,6.154986619949340820e-01,1.161445863544940948e-02
2.750299215316772461e+00,6.029046140611171722e-03,9.000000000000000000e+00,-2.467902906708941302e+00,5.449264049530029297e-01,1.164143905043601990e-02
-2.751015663146972656e+00,6.020060274749994278e-03,1.500000000000000000e+01,-2.366892299502466379e+00,6.109715700149536133e-01,1.057278923690319061e-02
-4.077641010284423828e+00,5.752712022513151169e-03,5.000000000000000000e+01,-2.374847401338969988e+00,6.261791586875915527e-01,3.992626070976257324e-02
3.235854506492614746e-01,5.461095366626977921e-03,2.400000000000000000e+01,-2.271582505957779663e+00,7.186852097511291504e-01,1.409817673265933990e-02
-1.040567398071289062e+00,5.412905011326074600e-03,5.000000000000000000e+00,-2.123308422740471713e+00,7.801278829574584961e-01,1.733550801873207092e-02
-3.691253900527954102e+00,5.320147611200809479e-03,1.100000000000000000e+01,-2.013694195459151182e+00,7.164949178695678711e-01,9.692479856312274933e-03
-1.121912717819213867e+00,5.286305211484432220e-03,9.000000000000000000e+00,-1.889450785228978358e+00,8.094747066497802734e-01,1.539155840873718262e-02
7.044150233268737793e-01,5.787859205156564713e-03,1.270000000000000000e+02,-2.532923927219115079e+00,8.306292295455932617e-01,1.310360245406627655e-02
-1.087893605232238770e+00,5.734696052968502045e-03,3.600000000000000000e+01,-2.525163875131142266e+00,7.105242013931274414e-01,1.135235279798507690e-02
5.797687530517578125e+00,5.671031307429075241e-03,1.000000000000000000e+01,-2.383814064341699623e+00,7.834954857826232910e-01,3.064509667456150055e-02
2.867540121078491211e-01,5.756597500294446945e-03,1.400000000000000000e+01,-2.256580669010947116e+00,8.162549138069152832e-01,3.364342078566551208e-02
-4.766339063644409180e-01,5.791414994746446609e-03,9.000000000000000000e+00,-2.149867102289206411e+00,9.147983193397521973e-01,4.240425303578376770e-02
-4.700483798980712891e+00,5.761054344475269318e-03,5.000000000000000000e+00,-2.007736589648879022e+00,7.874707579612731934e-01,2.345138601958751678e-02
-3.588766813278198242e+00,5.693460814654827118e-03,1.000000000000000000e+01,-1.913040778308241263e+00,6.577986478805541992e-01,3.526442125439643860e-02
1.041033983230590820e+00,6.125301122665405273e-03,2.840000000000000000e+02,-3.277514834285450540e+00,7.868059873580932617e-01,1.339808292686939240e-02
-9.965792298316955566e-01,6.027539726346731186e-03,7.300000000000000000e+01,-3.291670626434573421e+00,7.740669250488281250e-01,2.563111111521720886e-02
4.637956619262695312e-01,5.984202027320861816e-03,1.400000000000000000e+01,-3.149151824520274534e+00,9.379017353057861328e-01,1.565802097320556641e-02
2.258410215377807617e+00,6.239872425794601440e-03,2.100000000000000000e+01,-3.018457508932483435e+00,8.358655571937561035e-01,1.438428182154893875e-02
-2.457113265991210938e+00,6.145493593066930771e-03,1.590000000000000000e+02,-3.730247360600417394e+00,7.426016330718994141e-01,1.840818487107753754e-02
-3.970690250396728516e+00,6.043895613402128220e-03,5.000000000000000000e+00,-3.530751883140917702e+00,8.444805145263671875e-01,2.039731293916702271e-02
-7.391496896743774414e-01,5.777124781161546707e-03,1.600000000000000000e+01,-3.362847169991960428e+00,8.428931236267089844e-01,3.365531191229820251e-02
2.231895685195922852e+00,6.179509684443473816e-03,4.100000000000000000e+01,-3.290036665865578858e+00,7.656515240669250488e-01,3.302308917045593262e-02
-1.780217289924621582e-01,6.154340691864490509e-03,2.520000000000000000e+02,-5.404097034318107617e+00,8.125284910202026367e-01,4.289806634187698364e-02
-3.819195628166198730e-01,6.144927814602851868e-03,2.000000000000000000e+00,-5.088930314375674335e+00,5.936957597732543945e-01,3.203518316149711609e-02
3.988234996795654297e+00,6.142613478004932404e-03,2.000000000000000000e+00,-4.789741821278164835e+00,8.919479846954345703e-01,3.148892521858215332e-02
-3.569097220897674561e-01,6.153563037514686584e-03,3.000000000000000000e+00,-4.508938647140640299e+00,7.671529650688171387e-01,2.610700950026512146e-02
2.510853528976440430e+00,6.146076600998640060e-03,4.800000000000000000e+01,-4.410258397758602733e+00,8.043085336685180664e-01,1.505744457244873047e-02
1.902585983276367188e+00,6.148503627628087997e-03,5.000000000000000000e+00,-4.153245448977321175e+00,6.414924860000610352e-01,2.352294325828552246e-02
5.669636249542236328e+00,6.163371261209249496e-03,2.000000000000000000e+00,-3.900767954354525724e+00,7.303646802902221680e-01,1.371253933757543564e-02
-3.847838640213012695e+00,6.113716401159763336e-03,4.400000000000000000e+01,-3.766541495168496123e+00,7.878695130348205566e-01,3.816012293100357056e-02
-2.137298107147216797e+00,6.071075797080993652e-03,3.000000000000000000e+00,-3.561318417297874461e+00,7.720649838447570801e-01,3.099374100565910339e-02
-2.945927083492279053e-01,5.985808558762073517e-03,1.200000000000000000e+01,-3.410633777242621623e+00,7.488667964935302734e-01,3.383563831448554993e-02
2.874999284744262695e+00,6.113716401159763336e-03,5.500000000000000000e+01,-3.407676857080196076e+00,8.304296135902404785e-01,1.831285469233989716e-02
2.958622932434082031e+00,6.161376368254423141e-03,3.000000000000000000e+00,-3.220573832018005955e+00,7.965466976165771484e-01,1.875641569495201111e-02
-6.733708381652832031e-01,6.205881945788860321e-03,3.000000000000000000e+00,-3.018242928834444783e+00,8.308759331703186035e-01,1.658991910517215729e-02
-9.543744921684265137e-01,6.273178383708000183e-03,1.400000000000000000e+01,-2.845867156142098064e+00,9.071074128150939941e-01,2.162248454988002777e-02
-3.497454524040222168e-01,6.272173020988702774e-03,2.000000000000000000e+00,-2.658242385408676967e+00,8.458772897720336914e-01,1.397534925490617752e-02
-1.414410591125488281e+00,6.259683985263109207e-03,3.000000000000000000e+00,-2.484152136524843790e+00,8.864507675170898438e-01,3.011465817689895630e-02
4.952414333820343018e-01,6.221843417733907700e-03,1.700000000000000000e+01,-2.350366158184966636e+00,7.026498913764953613e-01,2.067052200436592102e-02
-2.913046777248382568e-01,6.379402708262205124e-03,1.900000000000000000e+01,-2.245503974770687972e+00,8.599386215209960938e-01,2.079031988978385925e-02
-3.298370361328125000e+00,6.383622996509075165e-03,3.000000000000000000e+00,-2.092767386311713551e+00,7.499174475669860840e-01,2.057657949626445770e-02
-7.335330843925476074e-01,6.366059649735689163e-03,4.000000000000000000e+00,-1.953715973586541921e+00,7.943681478500366211e-01,1.462155953049659729e-02
9.682984352111816406e-01,6.255769170820713043e-03,1.500000000000000000e+01,-1.869019990511156415e+00,6.828107237815856934e-01,9.595122188329696655e-03
1.875789165496826172e+00,6.213044282048940659e-03,1.500000000000000000e+01,-1.777651797811236500e+00,7.859441637992858887e-01,1.441967487335205078e-02
4.809610545635223389e-02,6.225793622434139252e-03,3.000000000000000000e+00,-1.672221329834107761e+00,6.068807840347290039e-01,4.579254239797592163e-02
-2.347629547119140625e+00,6.031228695064783096e-03,1.190000000000000000e+02,-2.100879442772261463e+00,8.946128487586975098e-01,3.587783873081207275e-02
-8.501557111740112305e-01,5.900697316974401474e-03,1.600000000000000000e+01,-2.085637901948832251e+00,9.017718434333801270e-01,2.124929241836071014e-02
-1.619851469993591309e+00,5.774709396064281464e-03,1.700000000000000000e+01,-2.002967404564813592e+00,9.100552201271057129e-01,2.767566218972206116e-02
-2.339214801788330078e+00,5.710753612220287323e-03,1.100000000000000000e+01,-1.924220576389199522e+00,9.013090729713439941e-01,3.980928659439086914e-02
3.524834156036376953e+00,5.624519661068916321e-03,1.200000000000000000e+01,-1.854337213651227723e+00,9.513746500015258789e-01,1.363740861415863037e-02
1.465914249420166016e-01,5.615863483399152756e-03,2.000000000000000000e+00,-1.715999210804793673e+00,8.489930629730224609e-01,4.300259053707122803e-02
1.925171375274658203e+00,5.610638763755559921e-03,2.000000000000000000e+00,-1.585419984592585596e+00,9.509208202362060547e-01,2.180514484643936157e-02
7.925536632537841797e-01,5.690879654139280319e-03,2.200000000000000000e+01,-1.503758820201614999e+00,7.325018644332885742e-01,2.326640114188194275e-02
1.894398570060729980e+00,5.814764183014631271e-03,1.200000000000000000e+01,-1.421265938073770663e+00,7.046929597854614258e-01,1.568285189568996429e-02
7.207362651824951172e-01,5.879758857190608978e-03,3.100000000000000000e+01,-1.386967392544803612e+00,7.288398146629333496e-01,3.148851543664932251e-02
8.015317916870117188e-01,5.884081125259399414e-03,2.000000000000000000e+00,-1.272396623906309143e+00,8.963159322738647461e-01,3.267483413219451904e-02
-9.542264938354492188e-01,5.897957831621170044e-03,3.000000000000000000e+00,-1.168749857521031332e+00,6.639491319656372070e-01,3.888308256864547729e-02
-4.546819210052490234e+00,5.876930430531501770e-03,2.100000000000000000e+01,-1.112203812434946926e+00,8.434527516365051270e-01,1.401298772543668747e-02
-3.103519678115844727e+00,5.855476018041372299e-03,2.000000000000000000e+00,-1.011334443383357540e+00,7.730739712715148926e-01,1.979050971567630768e-02
-3.491137027740478516e+00,5.771852098405361176e-03,9.000000000000000000e+00,-9.672763684921409366e-01,8.927019834518432617e-01,2.069799229502677917e-02
-8.131558895111083984e-01,5.754725541919469833e-03,2.000000000000000000e+00,-8.735424429234165400e-01,7.960544824600219727e-01,1.669304072856903076e-02
-1.859933257102966309e+00,5.728453863412141800e-03,3.000000000000000000e+00,-7.890187893115960804e-01,8.987301588058471680e-01,1.457760948687791824e-02
-5.433545112609863281e-01,5.640123505145311356e-03,1.100000000000000000e+01,-7.633040019361485573e-01,7.975566983222961426e-01,1.648165099322795868e-02
-3.202199697494506836e+00,5.569214932620525360e-03,1.200000000000000000e+01,-7.206176340022577564e-01,7.154015302658081055e-01,5.179233849048614502e-02
-1.133661270141601562e+00,5.532181356102228165e-03,5.000000000000000000e+00,-6.487651885516394490e-01,8.189415931701660156e-01,1.270757708698511124e-02
3.765940666198730469e+00,5.525956396013498306e-03,2.000000000000000000e+00,-5.714446666259171970e-01,7.027628421783447266e-01,2.027557604014873505e-02
-1.037006378173828125e-01,5.524618085473775864e-03,3.000000000000000000e+00,-5.016006547259959092e-01,7.106725573539733887e-01,1.270503643900156021e-02
4.703907668590545654e-01,5.526615306735038757e-03,3.000000000000000000e+00,-4.367116647109676175e-01,6.528953313827514648e-01,1.549026928842067719e-02
4.365149140357971191e-01,5.551193840801715851e-03,8.000000000000000000e+00,-4.090070404646818369e-01,7.272397279739379883e-01,1.265018433332443237e-02
-1.377296090126037598e+00,5.561505444347858429e-03,3.000000000000000000e+00,-3.485824608938021818e-01,7.564215064048767090e-01,1.158119458705186844e-02
-6.867679357528686523e-01,5.566679406911134720e-03,1.100000000000000000e+01,-3.222448635900335701e-01,6.258955001831054688e-01,3.893492743372917175e-02
-1.010784506797790527e+00,5.550926551222801208e-03,8.000000000000000000e+00,-2.985768607123793217e-01,5.370388031005859375e-01,1.983754709362983704e-02
-2.738950252532958984e+00,5.541215650737285614e-03,2.000000000000000000e+00,-2.384707438519493850e-01,6.391845941543579102e-01,1.521085482090711594e-02
8.667023658752441406e+00,5.570731125771999359e-03,1.600000000000000000e+01,-2.307432795879593712e-01,8.151525259017944336e-01,1.571049168705940247e-02
2.533569574356079102e+00,5.708327516913414001e-03,1.000000000000000000e+01,-2.227171346596363843e-01,7.872245311737060547e-01,2.805015444755554199e-02
1.151899099349975586e+00,5.778224207460880280e-03,6.000000000000000000e+00,-1.760216881383368792e-01,7.717762589454650879e-01,9.701361879706382751e-03
-1.975997805595397949e+00,5.794574972242116928e-03,3.000000000000000000e+00,-1.271023642839455570e-01,6.503732204437255859e-01,2.231563627719879150e-02
1.032855272293090820e+00,5.800247658044099808e-03,2.000000000000000000e+00,-7.467434242172943382e-02,8.060781955718994141e-01,1.558168046176433563e-02
3.276153564453125000e+00,5.771466996520757675e-03,1.700000000000000000e+01,-1.020162484664590280e-01,7.763919830322265625e-01,2.811241708695888519e-02
3.050142765045166016e+00,5.776670295745134354e-03,2.000000000000000000e+00,-5.150708879410500346e-02,7.030759453773498535e-01,2.151298522949218750e-02
2.536108970642089844e+00,5.853739567101001740e-03,1.000000000000000000e+01,-2.650096919124634090e-02,8.417550921440124512e-01,1.834986917674541473e-02
-6.462866663932800293e-01,5.847077816724777222e-03,1.400000000000000000e+01,-1.446214676584845274e-02,6.938902735710144043e-01,2.728923037648200989e-02
-3.662147045135498047e+00,5.825304426252841949e-03,3.000000000000000000e+00,2.645906577356911885e-02,7.589507102966308594e-01,1.413069479167461395e-02
-1.397010684013366699e+00,5.809190683066844940e-03,2.000000000000000000e+00,7.049933752771063433e-02,7.884396910667419434e-01,1.844170875847339630e-02
2.739000320434570312e+00,5.785822868347167969e-03,3.000000000000000000e+00,8.316081064232241915e-02,7.079026103019714355e-01,4.061738401651382446e-02
7.139766216278076172e-01,5.774728953838348389e-03,2.000000000000000000e+00,1.241084758929774101e-01,6.267324090003967285e-01,2.033812552690505981e-02
-1.419171094894409180e+00,5.765572190284729004e-03,2.000000000000000000e+00,1.625902475930995350e-01,7.028143405914306641e-01,1.869942434132099152e-02
2.596573829650878906e+00,5.756561644375324249e-03,3.000000000000000000e+00,1.945049769845464960e-01,8.536704778671264648e-01,1.567320339381694794e-02
7.299070358276367188e-01,5.757126957178115845e-03,7.000000000000000000e+00,1.933177276758865637e-01,8.337982296943664551e-01,1.727795228362083435e-02
-1.760970234870910645e+00,5.806377157568931580e-03,1.100000000000000000e+01,2.019921710248381297e-01,8.835608959197998047e-01,1.794124580919742584e-02
3.321042537689208984e+00,5.872465204447507858e-03,8.000000000000000000e+00,2.111296838544617915e-01,6.746845841407775879e-01,1.164878811687231064e-02
3.823964595794677734e+00,6.664955988526344299e-03,1.030000000000000000e+02,-2.633563285224964634e-01,7.662215828895568848e-01,1.100071333348751068e-02
4.044194221496582031e+00,6.825113203376531601e-03,6.000000000000000000e+00,-2.155707950910591975e-01,7.727343440055847168e-01,1.318843383342027664e-02
3.633204221725463867e+00,6.995370145887136459e-03,8.000000000000000000e+00,-1.740135643501709573e-01,8.446858525276184082e-01,1.303168293088674545e-02
1.353654980659484863e+00,7.128873374313116074e-03,9.000000000000000000e+00,-1.495816542643953473e-01,7.196233272552490234e-01,2.952556684613227844e-02
-7.557599544525146484e-01,7.177495397627353668e-03,3.000000000000000000e+00,-9.989112780657576074e-02,6.590687632560729980e-01,2.269568294286727905e-02
1.828444957733154297e+00,7.249421440064907074e-03,7.000000000000000000e+00,-8.105313860236414147e-02,7.907078266143798828e-01,1.991756632924079895e-02
-3.886038303375244141e+00,7.045695092529058456e-03,3.100000000000000000e+01,-8.162749627571172506e-02,6.244880557060241699e-01,1.534822583198547363e-02
-2.741733193397521973e-01,6.906948518007993698e-03,1.000000000000000000e+01,-7.056201612824025693e-02,7.724394202232360840e-01,1.356127485632896423e-02
-5.522165775299072266e+00,6.703886669129133224e-03,1.100000000000000000e+01,-4.020154784202706333e-02,7.418805360794067383e-01,2.536295354366302490e-02
-1.678801655769348145e+00,6.419052369892597198e-03,1.100000000000000000e+01,-3.414984656697635929e-02,7.839757800102233887e-01,1.616050489246845245e-02
-1.887823581695556641e+00,6.359912455081939697e-03,3.000000000000000000e+00,-1.578623039185820739e-02,7.339514493942260742e-01,3.084415197372436523e-02
-1.315937042236328125e+00,6.192245986312627792e-03,1.000000000000000000e+01,-4.012629410651155637e-02,6.854857206344604492e-01,2.903577685356140137e-02
-2.020147085189819336e+00,6.146659608930349350e-03,3.000000000000000000e+00,3.899618784830111151e-03,6.926651000976562500e-01,1.858285814523696899e-02
-5.166658759117126465e-01,5.934461951255798340e-03,1.600000000000000000e+01,-5.727555901037367780e-02,7.608401775360107422e-01,2.425863221287727356e-02
-4.935511589050292969e+00,5.737836007028818130e-03,1.500000000000000000e+01,-5.216434210752821793e-02,8.145205974578857422e-01,1.773612201213836670e-02
-3.315430164337158203e+00,5.704151000827550888e-03,2.000000000000000000e+00,-3.737866180187544851e-03,6.634066104888916016e-01,1.043451018631458282e-02
-3.540294647216796875e+00,5.457768216729164124e-03,1.200000000000000000e+01,3.340033173865300693e-03,6.293957233428955078e-01,3.593285754323005676e-02
3.734031915664672852e-01,5.398887209594249725e-03,3.000000000000000000e+00,4.310304321973613267e-02,8.755030632019042969e-01,1.913197711110115051e-02
-2.163432359695434570e+00,5.224653054028749466e-03,1.200000000000000000e+01,3.741708270681536747e-02,6.495149135589599609e-01,1.672252267599105835e-02
-1.913400888442993164e+00,5.133239086717367172e-03,1.400000000000000000e+01,1.847446263083820164e-02,8.005166053771972656e-01,2.285380288958549500e-02
7.966917753219604492e-02,5.084097851067781448e-03,1.600000000000000000e+01,-2.944254163417662704e-02,6.210589408874511719e-01,2.039135619997978210e-02
-3.836413621902465820e-01,5.106206983327865601e-03,5.000000000000000000e+00,-1.946744224019620120e-02,5.933433175086975098e-01,2.172094397246837616e-02
2.597844600677490234e+00,5.117550957947969437e-03,2.000000000000000000e+00,2.611487117351707007e-02,6.815490126609802246e-01,2.945527993142604828e-02
8.135343790054321289e-01,5.143634974956512451e-03,3.000000000000000000e+00,6.615742401872611034e-02,6.342426538467407227e-01,2.584624290466308594e-02
4.019651412963867188e+00,5.184516310691833496e-03,4.000000000000000000e+00,1.017827375607173457e-01,8.192653059959411621e-01,1.569495536386966705e-02
1.066788315773010254e+00,5.210315342992544174e-03,2.000000000000000000e+00,1.415322065038141508e-01,6.522536277770996094e-01,1.285658497363328934e-02
3.753515720367431641e+00,5.238140933215618134e-03,2.000000000000000000e+00,1.791342175452435015e-01,7.661040425300598145e-01,2.489660680294036865e-02
3.730942487716674805e+00,5.374467931687831879e-03,9.000000000000000000e+00,1.768072184300519822e-01,5.832902193069458008e-01,1.664316840469837189e-02
-1.370488762855529785e+00,5.054927896708250046e-03,2.810000000000000000e+02,-7.274321090869811934e-01,7.612988948822021484e-01,1.605669781565666199e-02
6.454180479049682617e-01,5.054703913629055023e-03,1.000000000000000000e+01,-6.764299980037482563e-01,6.316966414451599121e-01,1.091305445879697800e-02
7.836886048316955566e-01,5.092138424515724182e-03,9.000000000000000000e+00,-6.176626700643617074e-01,7.995373606681823730e-01,1.090036798268556595e-02
3.239965438842773438e+00,5.123713985085487366e-03,5.000000000000000000e+00,-5.519693267280580962e-01,6.196945309638977051e-01,2.557936310768127441e-02
8.066616058349609375e-01,5.174274090677499771e-03,8.000000000000000000e+00,-5.215061073092606136e-01,7.052305936813354492e-01,1.457702368497848511e-02
2.647479534149169922e+00,5.250599700957536697e-03,1.400000000000000000e+01,-5.107346590095348526e-01,5.402505993843078613e-01,1.507812645286321640e-02
2.088282585144042969e+00,5.343158263713121414e-03,8.000000000000000000e+00,-4.829113678333071813e-01,8.067911863327026367e-01,2.310081012547016144e-02
1.852083683013916016e+00,5.480308085680007935e-03,1.000000000000000000e+01,-4.670275511977138860e-01,6.791213750839233398e-01,1.779654622077941895e-02
9.601336717605590820e-01,5.403548944741487503e-03,4.700000000000000000e+01,-5.151317838087886569e-01,6.974943876266479492e-01,1.350587233901023865e-02
1.600472450256347656e+00,5.335952620953321457e-03,9.000000000000000000e+00,-4.836089194657851587e-01,7.438824772834777832e-01,2.895000763237476349e-02
-1.562107443809509277e+00,5.308412481099367142e-03,4.000000000000000000e+00,-4.211725627308415265e-01,5.651841163635253906e-01,1.384640764445066452e-02
2.469350248575210571e-01,5.225552711635828018e-03,1.200000000000000000e+01,-3.908733078642746550e-01,6.239899396896362305e-01,1.103259995579719543e-02
-1.833732604980468750e+00,5.214578006416559219e-03,2.000000000000000000e+00,-3.263693779820062701e-01,5.861213803291320801e-01,9.496730752289295197e-03
2.573998451232910156e+00,5.185055080801248550e-03,7.000000000000000000e+00,-2.856535017970368573e-01,3.655763268470764160e-01,1.938147470355033875e-02
1.920868158340454102e+00,5.181110464036464691e-03,3.000000000000000000e+00,-2.297865696707374894e-01,6.831983923912048340e-01,1.663083955645561218e-02
-2.409647703170776367e-01,5.189064424484968185e-03,7.000000000000000000e+00,-1.972725284532762247e-01,6.002224683761596680e-01,1.834574714303016663e-02
-2.847042381763458252e-01,5.211068317294120789e-03,9.000000000000000000e+00,-1.797046945432080600e-01,6.057627797126770020e-01,2.217496931552886963e-02
-1.783148407936096191e+00,5.206408910453319550e-03,1.200000000000000000e+01,-1.493519893616230276e-01,5.723084211349487305e-01,1.321344263851642609e-02
1.611839771270751953e+00,5.191450472921133041e-03,6.000000000000000000e+00,-1.088769689215522418e-01,6.209003329277038574e-01,1.376325730234384537e-02
-4.141043424606323242e-01,5.192935932427644730e-03,2.000000000000000000e+00,-5.825759828216198200e-02,4.624714255332946777e-01,1.519359927624464035e-02
-7.953599691390991211e-01,5.194929428398609161e-03,2.000000000000000000e+00,-9.966025547385654049e-03,4.543195962905883789e-01,1.160445250570774078e-02
2.451844692230224609e+00,5.242201499640941620e-03,1.100000000000000000e+01,1.351784772536117341e-02,6.000991463661193848e-01,1.728356070816516876e-02
4.987817764282226562e+00,5.258394405245780945e-03,2.000000000000000000e+00,5.795368379868975212e-02,7.380345463752746582e-01,1.578651927411556244e-02
2.051106691360473633e+00,5.280531011521816254e-03,2.000000000000000000e+00,9.988530077230946269e-02,5.660132169723510742e-01,1.121517643332481384e-02
1.081914305686950684e+00,5.389329511672258377e-03,9.000000000000000000e+00,7.620062026190177473e-02,5.704360604286193848e-01,2.270665206015110016e-02
-6.193317413330078125e+00,5.496625788509845734e-03,1.400000000000000000e+01,4.933147313115045229e-02,4.649234712123870850e-01,2.040870301425457001e-02
-7.719892859458923340e-01,5.487229675054550171e-03,1.000000000000000000e+01,4.390450179895950128e-02,4.141868650913238525e-01,1.561115123331546783e-02
-1.228045225143432617e+00,5.466843023896217346e-03,9.000000000000000000e+00,5.173086230759951776e-02,5.691455006599426270e-01,1.670294255018234253e-02
1.408967375755310059e-01,5.458869505673646927e-03,7.000000000000000000e+00,8.189685962041096112e-02,6.895626187324523926e-01,1.124259084463119507e-02
-1.521491169929504395e+00,5.464664194732904434e-03,1.100000000000000000e+01,8.850088450802248707e-02,5.837933421134948730e-01,1.108667440712451935e-02
1.623726844787597656e+00,5.523999221622943878e-03,1.100000000000000000e+01,7.901017917263744583e-02,5.977191925048828125e-01,1.560027338564395905e-02
-1.693706512451171875e+00,5.564418155699968338e-03,1.100000000000000000e+01,6.991559695864545121e-02,6.391718387603759766e-01,1.633898355066776276e-02
-1.205096602439880371e+00,5.545096006244421005e-03,3.000000000000000000e+00,8.354954791646784784e-02,5.560230016708374023e-01,2.015958353877067566e-02
2.546848297119140625e+00,5.523585248738527298e-03,1.200000000000000000e+01,7.771798220974709959e-02,6.750508546829223633e-01,1.418877672404050827e-02
2.227695465087890625e+00,5.539529956877231598e-03,2.000000000000000000e+00,1.186659641347068694e-01,6.407566666603088379e-01,3.481039404869079590e-02
2.537907361984252930e+00,5.588791798800230026e-03,7.000000000000000000e+00,1.418929160925399557e-01,7.892943620681762695e-01,1.371984090656042099e-02
3.312609195709228516e+00,5.607079248875379562e-03,2.000000000000000000e+00,1.796680769054113669e-01,5.799447894096374512e-01,2.930416166782379150e-02
2.693233013153076172e+00,5.628240760415792465e-03,2.000000000000000000e+00,2.161310987364866154e-01,4.733937680721282959e-01,1.601825840771198273e-02
2.922606945037841797e+00,5.653473548591136932e-03,2.000000000000000000e+00,2.504965549068686181e-01,4.861964881420135498e-01,1.994361355900764465e-02
1.712518572807312012e+00,5.679471883922815323e-03,2.000000000000000000e+00,2.828092627067551046e-01,6.419152021408081055e-01,2.168716490268707275e-02
1.779465556144714355e+00,5.770795512944459915e-03,8.000000000000000000e+00,2.833829251152501505e-01,5.038542747497558594e-01,1.416242122650146484e-02
-1.271490454673767090e+00,5.854694172739982605e-03,7.000000000000000000e+00,2.939797579855834009e-01,5.684882998466491699e-01,1.654772087931632996e-02
-4.219987869262695312e+00,5.745984148234128952e-03,4.300000000000000000e+01,1.832332398561695164e-01,4.957178831100463867e-01,9.848024696111679077e-03
-1.603644609451293945e+00,5.725662689656019211e-03,2.000000000000000000e+00,2.184712342187420386e-01,6.307625770568847656e-01,1.318263821303844452e-02
-1.949090838432312012e+00,5.584257654845714569e-03,1.300000000000000000e+01,1.852717727846327489e-01,5.771186351776123047e-01,1.396338827908039093e-02
-2.625880241394042969e+00,5.558019503951072693e-03,2.000000000000000000e+00,2.208295064821940712e-01,6.039664149284362793e-01,1.677918806672096252e-02
1.460777401924133301e+00,5.483860615640878677e-03,6.000000000000000000e+00,2.433820134299344851e-01,5.739027857780456543e-01,1.083651557564735413e-02
-3.435919284820556641e-01,5.387065932154655457e-03,8.000000000000000000e+00,2.488943108148852779e-01,7.436691522598266602e-01,2.548295073211193085e-02
-2.246121406555175781e+00,5.353461485356092453e-03,3.000000000000000000e+00,2.777917429001237615e-01,5.354371666908264160e-01,2.983252331614494324e-02
1.940562009811401367e+00,5.294009111821651459e-03,1.100000000000000000e+01,2.538874116521627200e-01,6.831439137458801270e-01,2.943482995033264160e-02
5.622763037681579590e-01,5.339971743524074554e-03,1.300000000000000000e+01,2.340720298272841171e-01,6.634119749069213867e-01,1.060884632170200348e-02
9.834882020950317383e-01,5.361140239983797073e-03,3.000000000000000000e+00,2.631174983842521353e-01,5.658231973648071289e-01,1.660684309899806976e-02
-2.699413776397705078e+00,5.414118524640798569e-03,1.400000000000000000e+01,2.251807677646658901e-01,6.035791635513305664e-01,1.082248520106077194e-02
2.159626483917236328e-01,5.360989365726709366e-03,1.300000000000000000e+01,2.230746337155672943e-01,6.173001527786254883e-01,2.009889483451843262e-02
4.958716392517089844e+00,5.357182119041681290e-03,3.000000000000000000e+00,2.533218937825326700e-01,5.090668201446533203e-01,1.805868744850158691e-02
3.321138620376586914e-01,5.354847759008407593e-03,1.000000000000000000e+01,2.384533350120590367e-01,6.258687973022460938e-01,1.200263388454914093e-02
-1.503250122070312500e+00,5.359340924769639969e-03,2.000000000000000000e+00,2.719483250109430150e-01,5.449362993240356445e-01,2.538703568279743195e-02
-7.185208797454833984e-01,5.344684701412916183e-03,1.300000000000000000e+01,2.391111470800312555e-01,4.837201237678527832e-01,2.042655833065509796e-02
-7.074478268623352051e-02,5.387949757277965546e-03,1.100000000000000000e+01,2.531477252433288472e-01,6.013425588607788086e-01,1.383784599602222443e-02
-1.271104574203491211e+00,5.405195523053407669e-03,1.100000000000000000e+01,2.017759923189986759e-01,5.530569553375244141e-01,2.517566084861755371e-02
3.025032043457031250e+00,5.410157144069671631e-03,6.000000000000000000e+00,2.233954533286495736e-01,6.203294396400451660e-01,1.681541837751865387e-02
-1.183082461357116699e-01,5.416889209300279617e-03,2.000000000000000000e+00,2.573041653762483394e-01,5.898212194442749023e-01,1.763737201690673828e-02
-3.383350372314453125e-02,5.456459708511829376e-03,1.000000000000000000e+01,2.511276163730733479e-01,4.568428993225097656e-01,1.003867574036121368e-02
-3.978048563003540039e-01,5.487731657922267914e-03,1.000000000000000000e+01,2.385094208811747163e-01,4.706287384033203125e-01,1.086053624749183655e-02
6.697045564651489258e-01,5.569937173277139664e-03,1.300000000000000000e+01,2.259006524339592370e-01,4.422459006309509277e-01,1.673620566725730896e-02
2.655291080474853516e+00,5.595305934548377991e-03,4.000000000000000000e+00,2.538890103417150157e-01,5.296604037284851074e-01,1.317083090543746948e-02
-2.975323200225830078e+00,5.728568416088819504e-03,4.300000000000000000e+01,1.409604042814807390e-01,4.489459395408630371e-01,5.355178192257881165e-02
1.129773378372192383e+00,5.676959175616502762e-03,7.000000000000000000e+00,1.623412455662394116e-01,6.291486620903015137e-01,1.696575805544853210e-02
-6.947925090789794922e-01,5.666338838636875153e-03,3.000000000000000000e+00,1.960958785083978806e-01,4.914144873619079590e-01,1.236407645046710968e-02
2.374756574630737305e+00,5.661000031977891922e-03,3.000000000000000000e+00,2.286267006351287157e-01,7.598750591278076172e-01,2.249190397560596466e-02
-4.275809526443481445e-01,5.643403157591819763e-03,1.400000000000000000e+01,2.167296005667297409e-01,4.494951963424682617e-01,1.738997548818588257e-02
-3.312137603759765625e+00,5.611155182123184204e-03,1.800000000000000000e+01,1.582890398762619444e-01,5.241358280181884766e-01,2.400051802396774292e-02
-1.047437667846679688e+00,5.602589342743158340e-03,1.000000000000000000e+01,1.526819954404131652e-01,4.701662361621856689e-01,1.020944118499755859e-02
-3.955124318599700928e-02,5.613020621240139008e-03,3.000000000000000000e+00,1.861890495404056045e-01,5.641025304794311523e-01,1.664192974567413330e-02
-7.385468482971191406e-01,5.626810714602470398e-03,3.000000000000000000e+00,2.174278501227725480e-01,4.940115809440612793e-01,1.372152101248502731e-02
-2.441570520401000977e+00,5.640287883579730988e-03,3.000000000000000000e+00,2.484903223442502251e-01,4.151597023010253906e-01,1.178676541894674301e-02
1.344612121582031250e+00,5.656604189425706863e-03,3.000000000000000000e+00,2.771195465347264242e-01,4.618325829505920410e-01,1.883325353264808655e-02
-3.025478124618530273e-01,5.699574947357177734e-03,9.000000000000000000e+00,2.746762482394813909e-01,5.076786279678344727e-01,2.149368077516555786e-02
-5.366001129150390625e-01,5.765184294432401657e-03,1.100000000000000000e+01,2.545619620051520204e-01,4.934941232204437256e-01,1.464033499360084534e-02
2.129785060882568359e+00,5.773696582764387131e-03,3.000000000000000000e+00,2.834843852875839065e-01,5.102455615997314453e-01,1.759560406208038330e-02
5.452755689620971680e-01,5.779155530035495758e-03,3.000000000000000000e+00,3.099420101265410454e-01,3.718006014823913574e-01,1.833228021860122681e-02
-9.901348352432250977e-01,5.827929824590682983e-03,1.900000000000000000e+01,2.849216587125544820e-01,6.950707435607910156e-01,1.895574666559696198e-02
-2.853985071182250977e+00,5.799033679068088531e-03,1.000000000000000000e+01,2.738451093872706910e-01,4.922941625118255615e-01,9.067555889487266541e-03
-3.716936826705932617e+00,5.752223543822765350e-03,5.000000000000000000e+00,2.953018135247930664e-01,5.426774621009826660e-01,2.071723528206348419e-02
1.011245012283325195e+00,5.664312746375799179e-03,8.000000000000000000e+00,2.842121672727057624e-01,4.861015677452087402e-01,1.092917192727327347e-02
-2.486866950988769531e+00,5.599741823971271515e-03,3.800000000000000000e+01,2.121762592772662437e-01,5.474238395690917969e-01,7.956042885780334473e-03
-2.092699050903320312e+00,5.498552229255437851e-03,1.400000000000000000e+01,1.825985065322139611e-01,5.067458152770996094e-01,1.815867237746715546e-02
-7.548097968101501465e-01,5.476862192153930664e-03,3.000000000000000000e+00,2.152701780110565788e-01,5.397256612777709961e-01,2.675034105777740479e-02
1.668765544891357422e+00,5.448833573609590530e-03,5.000000000000000000e+00,2.388733987797766467e-01,4.123454391956329346e-01,2.458210103213787079e-02
1.977368474006652832e+00,5.429576151072978973e-03,7.000000000000000000e+00,2.471287995253996228e-01,5.126919150352478027e-01,1.443965174257755280e-02
5.480152368545532227e-02,5.450870841741561890e-03,2.300000000000000000e+01,1.816958626425511092e-01,3.152371942996978760e-01,2.047348208725452423e-02
-2.118934154510498047e+00,5.467963870614767075e-03,1.000000000000000000e+01,1.678394254471296254e-01,3.971670269966125488e-01,1.208367943763732910e-02
-3.073997974395751953e+00,5.440419539809226990e-03,1.000000000000000000e+01,1.633786967748565022e-01,3.653181791305541992e-01,1.344801299273967743e-02
5.523117780685424805e-01,5.428840871900320053e-03,2.000000000000000000e+00,2.005470697617982301e-01,3.955800533294677734e-01,2.191891334950923920e-02
-2.614586830139160156e+00,5.420165136456489563e-03,2.000000000000000000e+00,2.355421953459214957e-01,5.088963508605957031e-01,2.223154343664646149e-02
3.840730488300323486e-01,5.396478343755006790e-03,4.000000000000000000e+00,2.602962929166009465e-01,7.422487139701843262e-01,1.276998128741979599e-02
1.069775104522705078e+00,5.380368325859308243e-03,1.100000000000000000e+01,2.534587881712931368e-01,4.560224413871765137e-01,2.218616567552089691e-02
-1.482112288475036621e+00,5.353691056370735168e-03,1.800000000000000000e+01,1.885696713289993220e-01,5.406443476676940918e-01,1.051831059157848358e-02
1.602692842483520508e+00,5.255576688796281815e-03,1.200000000000000000e+01,1.862788560815958616e-01,5.342838764190673828e-01,1.330140419304370880e-02
-5.686529278755187988e-01,5.222331732511520386e-03,1.200000000000000000e+01,1.915417188467475884e-01,3.690146207809448242e-01,1.393639575690031052e-02
1.819946050643920898e+00,5.251713562756776810e-03,1.000000000000000000e+01,1.835050179048179075e-01,4.113678038120269775e-01,2.683119848370552063e-02
-1.706098914146423340e+00,5.344605538994073868e-03,1.100000000000000000e+01,1.769362172171084768e-01,5.092019438743591309e-01,1.494066510349512100e-02
1.459601402282714844e+00,5.359606817364692688e-03,2.000000000000000000e+00,2.127561049312728936e-01,4.505725502967834473e-01,2.025957591831684113e-02
3.390806913375854492e-02,5.376413464546203613e-03,2.000000000000000000e+00,2.474831012703835320e-01,4.394337832927703857e-01,2.055573090910911560e-02
-2.599213600158691406e+00,5.428884644061326981e-03,8.000000000000000000e+00,2.469061174792017976e-01,3.978172242641448975e-01,1.510126423090696335e-02
-5.826043486595153809e-01,5.431168712675571442e-03,2.000000000000000000e+00,2.793691267184285620e-01,4.367371797561645508e-01,1.345071103423833847e-02
8.543062210083007812e-01,5.429925397038459778e-03,2.000000000000000000e+00,3.112176979960277756e-01,4.451975226402282715e-01,1.114365551620721817e-02
-1.587373018264770508e+00,5.419482942670583725e-03,1.100000000000000000e+01,2.849738171063077030e-01,4.500508010387420654e-01,1.383119355887174606e-02
8.810936808586120605e-01,5.388044752180576324e-03,1.000000000000000000e+01,2.752231766128640511e-01,5.330000519752502441e-01,1.478226669132709503e-02
1.074257493019104004e-02,5.398642737418413162e-03,6.000000000000000000e+00,2.866021272541975917e-01,5.862990617752075195e-01,1.057878416031599045e-02
-1.113920331001281738e+00,5.414508283138275146e-03,9.000000000000000000e+00,2.775835990311504298e-01,4.235093295574188232e-01,1.082092802971601486e-02
-1.981550097465515137e+00,5.412533413618803024e-03,9.000000000000000000e+00,2.539715594978839697e-01,5.329890251159667969e-01,1.268779858946800232e-02
-2.032076358795166016e+00,5.273887887597084045e-03,1.190000000000000000e+02,-2.670034270152326084e-01,4.504002332687377930e-01,1.957669667899608612e-02
4.749255478382110596e-01,5.255839787423610687e-03,1.100000000000000000e+01,-2.552253849810989794e-01,4.154078066349029541e-01,1.520044729113578796e-02
2.123213708400726318e-01,5.273032933473587036e-03,6.000000000000000000e+00,-2.090333088121116567e-01,4.650959074497222900e-01,2.914825640618801117e-02
-1.552326679229736328e+00,5.274131428450345993e-03,9.000000000000000000e+00,-1.984084436359241921e-01,3.932001292705535889e-01,1.024846266955137253e-02
-2.665874004364013672e+00,5.270614288747310638e-03,3.000000000000000000e+00,-1.480654038100563952e-01,3.440548777580261230e-01,1.016085315495729446e-02
-4.301833808422088623e-01,5.242923740297555923e-03,1.300000000000000000e+01,-1.497956392545170823e-01,4.288039505481719971e-01,1.477790251374244690e-02
-4.130418300628662109e-01,5.239782389253377914e-03,9.000000000000000000e+00,-1.407224910095069559e-01,1.752042025327682495e-01,1.564401388168334961e-02
2.120723724365234375e-01,5.300998687744140625e-03,1.300000000000000000e+01,-1.221722101472811906e-01,3.856445550918579102e-01,1.219057943671941757e-02
2.859194278717041016e+00,5.313203670084476471e-03,2.000000000000000000e+00,-7.114827072002957720e-02,5.272522568702697754e-01,1.346204150468111038e-02
-1.282516241073608398e+00,5.322448909282684326e-03,2.000000000000000000e+00,-2.237438212940640048e-02,3.267296254634857178e-01,1.489531435072422028e-02
-5.065662860870361328e-01,5.334395915269851685e-03,8.000000000000000000e+00,-2.833244190157149095e-03,3.186941444873809814e-01,2.404494024813175201e-02
-2.940585613250732422e-01,5.324439145624637604e-03,1.100000000000000000e+01,3.332516229387463662e-03,4.248746633529663086e-01,1.111049950122833252e-02
-2.613575935363769531e+00,5.297044292092323303e-03,1.100000000000000000e+01,-4.546702511683579744e-03,4.875691831111907959e-01,1.513524074107408524e-02
4.291621446609497070e-01,5.294145550578832626e-03,3.000000000000000000e+00,3.543805869698852390e-02,3.306514620780944824e-01,1.750869862735271454e-02
8.384965658187866211e-01,5.291623994708061218e-03,2.000000000000000000e+00,7.945770723289563575e-02,2.074448168277740479e-01,1.176766213029623032e-02
-4.919496536254882812e+00,5.271268077194690704e-03,1.000000000000000000e+01,8.469442214849590145e-02,2.760751545429229736e-01,1.723233610391616821e-02
-5.612441897392272949e-01,5.140876863151788712e-03,1.200000000000000000e+01,1.026982640422269555e-01,3.730092346668243408e-01,1.057823374867439270e-02
-7.314884066581726074e-01,5.066745448857545853e-03,1.100000000000000000e+01,8.902614180614953909e-02,4.425790309906005859e-01,1.057246327400207520e-02
1.405060052871704102e+00,5.055419635027647018e-03,3.000000000000000000e+00,1.259523791189182396e-01,4.634329080581665039e-01,2.905802801251411438e-02
1.911505937576293945e+00,5.089674610644578934e-03,1.300000000000000000e+01,1.173668887723911952e-01,4.359395205974578857e-01,1.752095110714435577e-02
4.149242877960205078e+00,5.110674072057008743e-03,3.000000000000000000e+00,1.519753191306151552e-01,3.522477149963378906e-01,1.176015939563512802e-02
-1.931279182434082031e+00,5.314939655363559723e-03,3.000000000000000000e+01,1.150867023952066581e-01,4.948877096176147461e-01,2.904016152024269104e-02
-1.441027283668518066e+00,5.273379851132631302e-03,1.400000000000000000e+01,1.225020982889231669e-01,3.562150895595550537e-01,1.135312952101230621e-02
-2.018842458724975586e+00,5.168767645955085754e-03,1.100000000000000000e+01,1.066516350373130778e-01,3.296508491039276123e-01,1.145408209413290024e-02
-1.232970714569091797e+00,5.059118848294019699e-03,1.000000000000000000e+01,9.680118251654273864e-02,2.615312337875366211e-01,1.731345616281032562e-02
-1.117456078529357910e+00,4.925543442368507385e-03,1.200000000000000000e+01,1.047067612098865480e-01,1.036459058523178101e-01,1.267826277762651443e-02
5.012927055358886719e-01,4.889471456408500671e-03,3.000000000000000000e+00,1.412465387287589191e-01,4.285807609558105469e-01,9.305597282946109772e-03
-1.897224545478820801e+00,4.775617271661758423e-03,1.000000000000000000e+01,1.577605053054997875e-01,2.924064397811889648e-01,1.276091393083333969e-02
-7.796988487243652344e-01,4.707713611423969269e-03,8.000000000000000000e+00,1.531421352976882477e-01,3.087493181228637695e-01,1.926900818943977356e-02
1.563348174095153809e-01,4.693447146564722061e-03,3.000000000000000000e+00,1.867182957953818501e-01,3.708453178405761719e-01,2.012385986745357513e-02
6.154547929763793945e-01,4.669396672397851944e-03,1.000000000000000000e+01,1.939064613789595604e-01,4.156863987445831299e-01,8.802241645753383636e-03
3.212965726852416992e+00,4.676546901464462280e-03,9.000000000000000000e+00,1.909802753944956910e-01,2.858896255493164062e-01,8.874996565282344818e-03
-7.592433094978332520e-01,4.934465046972036362e-03,6.600000000000000000e+01,-2.312715911529705792e-02,2.807929217815399170e-01,9.515812620520591736e-03
8.289068341255187988e-01,4.936900921165943146e-03,2.000000000000000000e+00,2.318103042265640124e-02,2.323162853717803955e-01,1.055594813078641891e-02
-3.390704870223999023e+00,4.934900440275669098e-03,7.000000000000000000e+00,4.516376628895425044e-02,3.550342023372650146e-01,1.383256819099187851e-02
3.805774748325347900e-01,4.895756486803293228e-03,8.000000000000000000e+00,5.866901236970059608e-02,1.591738015413284302e-01,8.218673989176750183e-03
-1.472816944122314453e+00,4.887172952294349670e-03,5.000000000000000000e+00,6.702808750459443576e-02,2.873882651329040527e-01,7.703269831836223602e-03
-1.935246229171752930e+00,4.917611368000507355e-03,1.400000000000000000e+01,7.804255512505220427e-02,4.879181385040283203e-01,1.242181379348039627e-02
2.256973028182983398e+00,4.930710885673761368e-03,3.000000000000000000e+00,1.143976447313226757e-01,2.276110649108886719e-01,1.262836251407861710e-02
-1.549327373504638672e+00,4.929895047098398209e-03,1.300000000000000000e+01,1.138223663245874206e-01,2.155561596155166626e-01,8.224960416555404663e-03
1.735707223415374756e-01,4.923277534544467926e-03,2.000000000000000000e+00,1.533037348351355134e-01,3.537327349185943604e-01,1.568106934428215027e-02
2.306988716125488281e+00,4.901360254734754562e-03,5.000000000000000000e+00,1.764244614862801597e-01,3.066311478614807129e-01,1.299954205751419067e-02
2.529278397560119629e-01,4.906586371362209320e-03,7.000000000000000000e+00,1.968226007379325071e-01,3.745540082454681396e-01,1.379689201712608337e-02
-8.846046924591064453e-01,4.938735160976648331e-03,8.000000000000000000e+00,1.955207483887046738e-01,3.378929495811462402e-01,7.599913049489259720e-03
-1.528137922286987305e+00,4.936834797263145447e-03,7.000000000000000000e+00,2.158152808942796486e-01,3.557086586952209473e-01,3.404136002063751221e-02
5.760611295700073242e-01,4.916654899716377258e-03,3.300000000000000000e+01,1.545015132862807838e-01,4.285634756088256836e-01,1.345634739845991135e-02
-4.646527469158172607e-01,4.990048240870237350e-03,1.400000000000000000e+01,1.628885368373550468e-01,4.668959081172943115e-01,2.966444566845893860e-02
-8.333736658096313477e-01,4.979672841727733612e-03,4.000000000000000000e+01,-7.166041925567093185e-02,4.013349413871765137e-01,1.416767854243516922e-02
-4.078549385070800781e+00,4.811122082173824310e-03,1.300000000000000000e+01,-8.145734352635163045e-02,3.192256987094879150e-01,2.139586023986339569e-02
-1.766865849494934082e+00,4.594617523252964020e-03,1.200000000000000000e+01,-6.606725145631509033e-02,1.602737605571746826e-01,1.479941885918378830e-02
-1.057075262069702148e+00,4.399307537823915482e-03,1.400000000000000000e+01,-5.912182715824050583e-02,1.759137362241744995e-01,1.123521104454994202e-02
7.346718311309814453e-01,4.381635691970586777e-03,3.000000000000000000e+00,-1.614748575216792131e-02,3.632452487945556641e-01,1.628799922764301300e-02
2.512829542160034180e+00,4.361784551292657852e-03,9.000000000000000000e+00,-9.151853494643657355e-03,3.991094231605529785e-01,1.191624160856008530e-02
1.596164226531982422e+00,4.390396643429994583e-03,1.000000000000000000e+01,-9.678974068819994753e-03,2.668592631816864014e-01,1.792476326227188110e-02
4.020881652832031250e+00,4.473263863474130630e-03,8.000000000000000000e+00,1.121221971248191618e-04,2.699860334396362305e-01,1.548811234533786774e-02
1.643666505813598633e+00,4.684778396040201187e-03,1.600000000000000000e+01,1.479665821215985985e-02,3.544485867023468018e-01,8.844157680869102478e-03
4.049589157104492188e+00,4.751693923026323318e-03,6.000000000000000000e+00,4.878083769133095826e-02,3.271940946578979492e-01,1.609126664698123932e-02
-3.151400089263916016e-01,4.849746823310852051e-03,1.000000000000000000e+01,3.800475816893462977e-02,2.170012295246124268e-01,1.560174953192472458e-02
-1.712798357009887695e+00,4.878877196460962296e-03,9.000000000000000000e+00,6.452692024329792497e-02,4.157536029815673828e-01,3.581536188721656799e-02
-2.817317247390747070e-01,4.871610086411237717e-03,7.000000000000000000e+00,8.548870960919575934e-02,3.632001578807830811e-01,2.026031166315078735e-02
-1.576248764991760254e+00,4.851805046200752258e-03,4.000000000000000000e+00,1.190344415957340640e-01,2.456886023283004761e-01,1.197316776961088181e-02
8.769076466560363770e-01,4.843343049287796021e-03,2.000000000000000000e+00,1.579676474592962565e-01,3.303891122341156006e-01,2.181972004473209381e-02
-1.625770568847656250e+00,4.788639955222606659e-03,9.000000000000000000e+00,1.522926397809172550e-01,3.214301168918609619e-01,1.511772722005844116e-02
9.920288324356079102e-01,4.714816808700561523e-03,9.000000000000000000e+00,1.459308299972957024e-01,2.990965843200683594e-01,1.214150991290807724e-02
1.208786129951477051e+00,4.642944782972335815e-03,9.000000000000000000e+00,1.324398661033936719e-01,4.619525074958801270e-01,1.691461727023124695e-02
2.208727598190307617e-01,4.582513589411973953e-03,1.200000000000000000e+01,1.072309652624325871e-01,1.989819556474685669e-01,7.933324202895164490e-03
-1.454052925109863281e-01,4.568485077470541000e-03,1.200000000000000000e+01,1.266406843612499222e-01,3.348185122013092041e-01,1.117557752877473831e-02
-1.704375982284545898e+00,4.535512067377567291e-03,1.000000000000000000e+01,1.347649131414703216e-01,3.723900914192199707e-01,6.944681517779827118e-03
-6.444231867790222168e-01,4.489500075578689575e-03,1.200000000000000000e+01,1.135453260180891710e-01,2.349985837936401367e-01,1.965546794235706329e-02
-8.216679096221923828e-02,4.483432974666357040e-03,2.000000000000000000e+00,1.527264270857636164e-01,2.245407551527023315e-01,1.721758209168910980e-02
3.848414123058319092e-01,4.460749682039022446e-03,8.000000000000000000e+00,1.535584281873584589e-01,3.013430535793304443e-01,1.463276613503694534e-02
-3.412731885910034180e-01,4.441228229552507401e-03,8.000000000000000000e+00,1.321862617822772978e-01,3.220639824867248535e-01,9.332596324384212494e-03
-2.036920487880706787e-01,4.437678027898073196e-03,1.300000000000000000e+01,1.514742561077249416e-01,9.855987876653671265e-02,1.805639080703258514e-02
-7.515585422515869141e-01,4.449535161256790161e-03,1.100000000000000000e+01,1.571409079619162930e-01,1.879390180110931396e-01,1.332912314683198929e-02
4.183539867401123047e+00,4.502118099480867386e-03,1.100000000000000000e+01,1.589322657166439279e-01,3.083633184432983398e-01,8.678063750267028809e-03
7.454190850257873535e-01,4.583503585308790207e-03,1.100000000000000000e+01,1.163113305707367262e-01,3.062944412231445312e-01,1.575182564556598663e-02
1.837754487991333008e+00,4.613234195858240128e-03,7.000000000000000000e+01,-1.024587059142577361e-01,3.513600528240203857e-01,1.706776954233646393e-02
-1.405669450759887695e-01,4.657688550651073456e-03,1.400000000000000000e+01,-9.816543095223786985e-02,2.879226505756378174e-01,1.256567891687154770e-02
-6.883312463760375977e-01,4.660767503082752228e-03,2.000000000000000000e+00,-4.811537977324970017e-02,2.342961281538009644e-01,1.588772609829902649e-02
-1.326009273529052734e+00,4.664587322622537613e-03,2.000000000000000000e+00,-4.594799672930915957e-04,8.938941359519958496e-02,9.906793013215065002e-03
-1.664815425872802734e+00,4.705572500824928284e-03,7.000000000000000000e+00,2.816323962503661932e-02,1.612251400947570801e-01,1.566264219582080841e-02
-6.658415794372558594e-01,4.767158068716526031e-03,1.100000000000000000e+01,3.257296371320178574e-02,9.373028576374053955e-02,1.492410339415073395e-02
4.169780611991882324e-01,4.796295426785945892e-03,1.000000000000000000e+01,2.145331296787983053e-02,2.049238085746765137e-01,1.348297391086816788e-02
-4.116139888763427734e+00,4.820742178708314896e-03,8.000000000000000000e+00,2.697734257869928778e-02,2.936461567878723145e-01,1.300417445600032806e-02
-1.825808763504028320e+00,4.733739886432886124e-03,2.300000000000000000e+01,-6.265854671812464555e-03,2.358988076448440552e-01,1.640860363841056824e-02
-3.185310363769531250e+00,4.644189029932022095e-03,1.300000000000000000e+01,1.153665677363118619e-02,2.300842404365539551e-01,9.480366483330726624e-03
-3.178791761398315430e+00,4.625236149877309799e-03,2.000000000000000000e+00,5.615358030668615719e-02,2.858951091766357422e-01,1.113327592611312866e-02
-2.475710868835449219e+00,4.446095321327447891e-03,2.200000000000000000e+01,3.912031460134320765e-02,2.319531291723251343e-01,2.198184095323085785e-02
1.006938934326171875e+00,4.377284087240695953e-03,1.300000000000000000e+01,5.319364281159368046e-02,1.789504587650299072e-01,2.486415766179561615e-02
8.836770057678222656e-02,4.396250005811452866e-03,1.100000000000000000e+01,4.383209487873952065e-02,2.289439886808395386e-01,1.549729425460100174e-02
3.547062873840332031e+00,4.423580132424831390e-03,6.000000000000000000e+00,7.714849452450581180e-02,3.428951501846313477e-01,1.584462635219097137e-02
-1.352368891239166260e-01,4.438107833266258240e-03,3.000000000000000000e+00,1.135794335679309874e-01,1.813043653964996338e-01,1.097116991877555847e-02
-1.305249452590942383e+00,4.443956539034843445e-03,2.000000000000000000e+00,1.524323451888851821e-01,1.938440948724746704e-01,2.316728420555591583e-02
1.624934792518615723e+00,4.519868176430463791e-03,1.400000000000000000e+01,1.650680690461077127e-01,3.685587048530578613e-01,1.013662107288837433e-02
3.723530292510986328e+00,4.534508567303419113e-03,2.000000000000000000e+00,2.019424768766754918e-01,1.779503822326660156e-01,1.199553254991769791e-02
2.256273627281188965e-01,4.556262865662574768e-03,3.000000000000000000e+00,2.320602417843485310e-01,1.335967630147933960e-01,7.610752712935209274e-03
-1.652460575103759766e+00,4.583901260048151016e-03,4.000000000000000000e+00,2.585642776701944090e-01,1.164549514651298523e-01,9.773684665560722351e-03
3.565154969692230225e-01,4.634654149413108826e-03,1.500000000000000000e+01,2.170425429665438499e-01,2.457348704338073730e-01,1.601385697722434998e-02
-6.009163856506347656e-01,4.613823723047971725e-03,1.000000000000000000e+01,2.251396700478814628e-01,3.597361147403717041e-01,1.646259613335132599e-02
-1.031298637390136719e+00,4.598751664161682129e-03,3.000000000000000000e+00,2.553125757476052970e-01,2.587069272994995117e-01,1.247484609484672546e-02
-2.278330564498901367e+00,4.471408668905496597e-03,3.400000000000000000e+01,2.326581306147419703e-01,1.780715584754943848e-01,3.027239814400672913e-02
8.848161101341247559e-01,4.428056068718433380e-03,1.000000000000000000e+01,2.415952873024792558e-01,1.621589511632919312e-01,1.629302091896533966e-02
1.277826547622680664e+00,4.424601327627897263e-03,1.300000000000000000e+01,2.148261204688527715e-01,1.340059041976928711e-01,8.714371360838413239e-03
1.779324650764465332e+00,4.583999980241060257e-03,2.000000000000000000e+01,1.775582893875578550e-01,1.552394479513168335e-01,1.723800972104072571e-02
1.484818458557128906e+00,4.610559903085231781e-03,3.000000000000000000e+00,2.100321824081711475e-01,1.943768709897994995e-01,1.664783805608749390e-02
-1.205757498741149902e+00,4.658694844692945480e-03,8.000000000000000000e+00,2.127226759733333028e-01,1.790287941694259644e-01,1.034576166421175003e-02
2.807631254196166992e+00,4.666709806770086288e-03,3.000000000000000000e+00,2.436692303051049557e-01,2.836737036705017090e-01,1.506766583770513535e-02
-7.434020638465881348e-01,4.672077950090169907e-03,4.000000000000000000e+00,2.683281781249265419e-01,2.806814014911651611e-01,1.039450429379940033e-02
2.762276887893676758e+00,4.619459155946969986e-03,2.400000000000000000e+01,2.243806004896133632e-01,3.043549954891204834e-01,8.960650302469730377e-03
3.552865982055664062e-02,4.604759626090526581e-03,8.000000000000000000e+00,2.243180083836765204e-01,1.061700657010078430e-01,9.144451469182968140e-03
3.214849531650543213e-01,4.568382631987333298e-03,1.300000000000000000e+01,2.167527255639800088e-01,1.018158942461013794e-01,3.034203313291072845e-02
2.786530256271362305e+00,4.596578888595104218e-03,1.100000000000000000e+01,2.170910577837725786e-01,2.769795060157775879e-01,1.749165169894695282e-02
-1.056410551071166992e+00,4.526070784777402878e-03,2.700000000000000000e+01,1.592454189815516452e-01,3.037701845169067383e-01,7.841146551072597504e-03
1.399331092834472656e+00,4.329978954046964645e-03,2.350000000000000000e+02,-1.108313042475981280e+00,1.497289687395095825e-01,1.410974096506834030e-02
7.134901285171508789e-01,4.354880657047033310e-03,3.000000000000000000e+00,-1.011259616167835995e+00,1.819158792495727539e-01,9.331715293228626251e-03
-1.263918757438659668e+00,4.820473026484251022e-03,7.300000000000000000e+01,-1.233427544833638256e+00,2.164794206619262695e-01,2.901174500584602356e-02
-3.356859087944030762e-01,4.813180770725011826e-03,3.000000000000000000e+00,-1.130424564586427927e+00,1.900034099817276001e-01,2.679307572543621063e-02
-3.288078904151916504e-01,4.798837006092071533e-03,1.000000000000000000e+01,-1.059898450951804572e+00,2.659546136856079102e-01,1.552554126828908920e-02
1.082220077514648438e-01,4.722814075648784637e-03,1.300000000000000000e+01,-9.884861800640606377e-01,3.365723192691802979e-01,1.313222292810678482e-02
-2.848348617553710938e+00,4.358287435024976730e-03,4.100000000000000000e+01,-9.738789564759825490e-01,1.388105899095535278e-01,1.251322589814662933e-02
-1.008168816566467285e+00,4.317062906920909882e-03,3.000000000000000000e+00,-8.837107124995917662e-01,1.621856838464736938e-01,1.266570575535297394e-02
-5.955278873443603516e-02,4.294199869036674500e-03,2.000000000000000000e+00,-7.947908594377979252e-01,2.830320596694946289e-01,1.128841377794742584e-02
1.222137928009033203e+00,4.269769880920648575e-03,3.000000000000000000e+00,-7.133935717453298020e-01,1.755715012550354004e-01,1.405326183885335922e-02
-9.875313639640808105e-01,4.225071053951978683e-03,1.000000000000000000e+01,-6.581850422620028063e-01,2.335076928138732910e-01,2.825733460485935211e-02
-2.799509048461914062e+00,4.222902003675699234e-03,3.000000000000000000e+00,-5.841744734137542805e-01,2.331077456474304199e-01,1.763041689991950989e-02
1.889344811439514160e+00,4.227187018841505051e-03,3.000000000000000000e+00,-5.135203668723328230e-01,2.235067337751388550e-01,1.195880025625228882e-02
5.243299007415771484e-01,4.250686615705490112e-03,7.000000000000000000e+00,-4.744249848810168091e-01,2.730321586132049561e-01,2.508470229804515839e-02
-1.900119185447692871e+00,4.261340945959091187e-03,8.000000000000000000e+00,-4.414031725250646687e-01,1.230366155505180359e-01,8.690311573445796967e-03
-1.309084177017211914e+00,4.249589983373880386e-03,4.000000000000000000e+00,-4.067490615017033684e-01,1.316216588020324707e-01,1.515819597989320755e-02
3.483548760414123535e-01,4.239498637616634369e-03,9.000000000000000000e+00,-3.853422001439805733e-01,1.710579991340637207e-01,2.488174848258495331e-02
8.008867502212524414e-01,4.242839757353067398e-03,4.000000000000000000e+00,-3.288188310381325308e-01,2.820514440536499023e-01,1.888504251837730408e-02
2.366263628005981445e+00,4.243724048137664795e-03,1.400000000000000000e+01,-2.945263024738157265e-01,2.250714898109436035e-01,1.861961744725704193e-02
-7.714740633964538574e-01,4.247153177857398987e-03,3.000000000000000000e+00,-2.380749828857370576e-01,2.490985691547393799e-01,2.210082858800888062e-02
-1.463855504989624023e+00,4.240604583173990250e-03,1.100000000000000000e+01,-2.569186054671882546e-01,2.935259342193603516e-01,1.076847128570079803e-02
2.255043387413024902e-01,4.210694693028926849e-03,8.000000000000000000e+00,-2.283573367178266256e-01,1.631291210651397705e-01,1.570731401443481445e-02
-9.871002435684204102e-01,4.129812121391296387e-03,1.000000000000000000e+01,-2.104095444908573032e-01,7.866373658180236816e-02,1.191392634063959122e-02
-1.180459260940551758e+00,4.106892738491296768e-03,3.000000000000000000e+00,-1.588353202531031794e-01,2.457788437604904175e-01,2.271688729524612427e-02
7.452186346054077148e-01,4.082192666828632355e-03,1.400000000000000000e+01,-1.314523649960584739e-01,2.197819203138351440e-01,1.825214736163616180e-02
9.624432325363159180e-01,4.089256748557090759e-03,3.000000000000000000e+00,-8.401852646095911425e-02,2.599490582942962646e-01,1.818833686411380768e-02
2.850103080272674561e-01,4.090738948434591293e-03,2.000000000000000000e+00,-3.446942787560017263e-02,3.420826196670532227e-01,2.513621002435684204e-02
3.296006917953491211e+00,3.973438870161771774e-03,3.420000000000000000e+02,-1.583128916324502145e+00,1.811807602643966675e-01,1.534919999539852142e-02
3.945810079574584961e+00,4.193584900349378586e-03,1.200000000000000000e+01,-1.507399603472411309e+00,3.670852780342102051e-01,9.420887567102909088e-03
-8.351457118988037109e-02,4.393682815134525299e-03,9.000000000000000000e+00,-1.425091255216744290e+00,2.342750877141952515e-01,1.505788043141365051e-02
8.223221302032470703e-01,4.510326310992240906e-03,9.000000000000000000e+00,-1.329090689081449783e+00,2.045839428901672363e-01,1.354404911398887634e-02
-2.794828891754150391e+00,4.519340116530656815e-03,1.800000000000000000e+01,-1.276756369991177920e+00,1.823701411485671997e-01,1.249468047171831131e-02
-4.056066274642944336e-01,4.501924850046634674e-03,3.000000000000000000e+00,-1.171747574808121639e+00,1.723543107509613037e-01,1.352063659578561783e-02
-2.241652488708496094e+00,4.446256440132856369e-03,8.000000000000000000e+00,-1.108789640599811888e+00,1.614793539047241211e-01,2.205098606646060944e-02
-3.593554973602294922e+00,4.406630527228116989e-03,4.000000000000000000e+00,-1.015273300719865768e+00,2.279265671968460083e-01,1.503435149788856506e-02
3.777310252189636230e-01,4.094130825251340866e-03,4.300000000000000000e+01,-1.019783384711273611e+00,2.987442612648010254e-01,1.590432599186897278e-02
9.204445481300354004e-01,4.102833103388547897e-03,1.400000000000000000e+01,-9.580217143572287153e-01,4.290707036852836609e-02,2.751128189265727997e-02
-9.250438213348388672e-02,4.241696558892726898e-03,1.900000000000000000e+01,-9.035081001513273202e-01,1.425714343786239624e-01,1.001930702477693558e-02
-1.814351439476013184e+00,4.276241175830364227e-03,1.100000000000000000e+01,-8.574520819657461823e-01,3.488168418407440186e-01,1.506137102842330933e-02
-4.113942086696624756e-01,4.286197014153003693e-03,1.100000000000000000e+01,-8.146467825010166308e-01,2.522025406360626221e-01,1.731098443269729614e-02
-4.549980640411376953e+00,4.278060048818588257e-03,2.000000000000000000e+00,-7.288664833181111025e-01,2.271504402160644531e-01,8.373092859983444214e-03
-3.767704963684082031e-01,4.218037705868482590e-03,1.000000000000000000e+01,-6.969764756857710353e-01,1.172573119401931763e-01,1.549273822456598282e-02
1.151656866073608398e+00,4.207339137792587280e-03,2.000000000000000000e+00,-6.172300784602154922e-01,1.951553672552108765e-01,1.696083694696426392e-02
3.398289680480957031e+00,4.167584236711263657e-03,1.800000000000000000e+01,-5.830275593882968677e-01,1.906785815954208374e-01,1.734998822212219238e-02
-2.187487185001373291e-01,4.202829673886299133e-03,1.400000000000000000e+01,-5.687111807119709095e-01,2.180800437927246094e-01,1.783524826169013977e-02
1.000440835952758789e+00,4.205846693366765976e-03,2.000000000000000000e+00,-4.952558818101156501e-01,1.506953984498977661e-01,1.698437891900539398e-02
2.232642889022827148e+00,4.213795997202396393e-03,2.000000000000000000e+00,-4.259626885759140169e-01,3.047830164432525635e-01,2.993120253086090088e-02
-9.881694912910461426e-01,4.212636966258287430e-03,8.000000000000000000e+00,-3.902001947891652334e-01,2.008029520511627197e-01,1.884490810334682465e-02
-3.528176784515380859e+00,4.204978700727224350e-03,2.000000000000000000e+00,-3.260281598513665724e-01,1.738839596509933472e-01,1.484149321913719177e-02
-2.319011688232421875e+00,4.173262044787406921e-03,8.000000000000000000e+00,-2.961030348040735727e-01,1.839220374822616577e-01,1.425334997475147247e-02
-7.498017549514770508e-01,4.159141331911087036e-03,6.000000000000000000e+00,-2.780954739529065689e-01,3.578982129693031311e-02,2.515175566077232361e-02
-2.507761240005493164e+00,4.175071138888597488e-03,1.400000000000000000e+01,-2.616750266178711204e-01,2.562891542911529541e-01,8.593960665166378021e-03
-2.814826965332031250e+00,4.214656073600053787e-03,1.200000000000000000e+01,-2.298431520882299184e-01,2.217949554324150085e-02,1.752580329775810242e-02
-7.228925228118896484e-01,4.232528153806924820e-03,1.000000000000000000e+01,-2.052816399273175163e-01,1.587729603052139282e-01,1.378963515162467957e-02
-1.837449073791503906e-01,4.259136971086263657e-03,1.200000000000000000e+01,-1.989053431570582953e-01,1.718225330114364624e-01,1.634227670729160309e-02
-1.333018064498901367e+00,4.258925560861825943e-03,2.000000000000000000e+00,-1.435682053366353905e-01,2.690060436725616455e-01,1.997851766645908356e-02
-1.634484767913818359e+00,4.253012128174304962e-03,2.000000000000000000e+00,-9.091633235405864599e-02,1.160765141248703003e-01,1.375423651188611984e-02
3.347500562667846680e+00,4.192727152258157730e-03,1.300000000000000000e+01,-1.024670698741220742e-01,1.344304680824279785e-01,1.941691897809505463e-02
1.809453129768371582e+00,4.226060584187507629e-03,8.000000000000000000e+00,-8.692214412730794870e-02,1.342852413654327393e-01,1.208325661718845367e-02
1.390318870544433594e+00,4.316272679716348648e-03,1.200000000000000000e+01,-6.856356794217992323e-02,1.853830516338348389e-01,1.499635726213455200e-02
-4.696183681488037109e+00,4.390846937894821167e-03,8.000000000000000000e+00,-3.463917223464230838e-02,1.909507252275943756e-02,2.186565101146697998e-02
-1.075550556182861328e+00,4.418476484715938568e-03,9.000000000000000000e+00,-1.081788817254941693e-02,1.173800602555274963e-01,1.080470718443393707e-02
5.632654428482055664e-01,4.415403585880994797e-03,2.000000000000000000e+00,3.449361768615415852e-02,1.926237642765045166e-01,1.409834809601306915e-02
-1.517224788665771484e+00,4.393171519041061401e-03,1.000000000000000000e+01,6.169104815661473340e-02,2.060962319374084473e-01,1.452242676168680191e-02
-1.347858309745788574e+00,4.374003969132900238e-03,7.000000000000000000e+00,8.327400502147858097e-02,1.218792721629142761e-01,1.377572305500507355e-02
7.613483667373657227e-01,4.268326796591281891e-03,2.300000000000000000e+01,3.913669934623892344e-02,2.022820264101028442e-01,1.902213320136070251e-02
-2.492439985275268555e+00,4.255488980561494827e-03,3.000000000000000000e+00,7.899459693050167597e-02,1.477222889661788940e-01,9.919399395585060120e-03
-1.682133913040161133e+00,4.231620114296674728e-03,7.000000000000000000e+00,9.680670878345759567e-02,1.689993590116500854e-01,1.098072528839111328e-02
-2.248671650886535645e-02,4.174032248556613922e-03,1.000000000000000000e+01,9.757592106364411377e-02,1.396986395120620728e-01,3.732928633689880371e-02
5.255807042121887207e-01,4.134539049118757248e-03,9.000000000000000000e+00,1.050581610652519260e-01,1.485092341899871826e-01,3.119060210883617401e-02
1.976496338844299316e+00,4.076848737895488739e-03,2.100000000000000000e+01,1.052447461652335908e-01,2.779087722301483154e-01,1.027468778192996979e-02
-3.013937950134277344e+00,4.076071549206972122e-03,9.000000000000000000e+00,1.089161342272359639e-01,4.826119542121887207e-02,1.036576740443706512e-02
-1.665530920028686523e+00,4.041613545268774033e-03,8.000000000000000000e+00,1.134968263998367977e-01,2.555691897869110107e-01,2.136035636067390442e-02
-2.680032849311828613e-01,4.027250688523054123e-03,3.000000000000000000e+00,1.244570282538733502e-01,3.246603310108184814e-01,2.053749747574329376e-02
1.178495645523071289e+00,4.005647264420986176e-03,5.000000000000000000e+00,1.538266460416715942e-01,2.191165685653686523e-01,1.852011494338512421e-02
1.294919729232788086e+00,3.999219741672277451e-03,1.400000000000000000e+01,1.366023873217007967e-01,3.877151608467102051e-01,1.817653141915798187e-02
3.111123323440551758e+00,4.092783667147159576e-03,1.200000000000000000e+01,1.173522555262591777e-01,3.455724120140075684e-01,9.310498833656311035e-03
7.439818978309631348e-01,4.242465365678071976e-03,1.300000000000000000e+01,1.001046453177143192e-01,1.577942967414855957e-01,2.460886724293231964e-02
1.220231771469116211e+00,4.317482933402061462e-03,1.200000000000000000e+01,1.158695627298204633e-01,1.992766559123992920e-01,1.295184437185525894e-02
-2.728926181793212891e+00,4.263865295797586441e-03,1.900000000000000000e+01,1.064055459108388529e-01,2.533802390098571777e-01,1.493542455136775970e-02
-9.438665509223937988e-01,4.195961169898509979e-03,1.200000000000000000e+01,1.222297503636394223e-01,1.786198318004608154e-01,9.986743330955505371e-03
1.672552824020385742e+00,4.194817040115594864e-03,2.100000000000000000e+01,9.198327394890870590e-02,9.670177102088928223e-02,1.354954205453395844e-02
-1.889324426651000977e+00,4.199872724711894989e-03,2.000000000000000000e+00,1.325378923956521682e-01,2.324543297290802002e-01,1.318823173642158508e-02
-1.719970703125000000e-01,4.203743766993284225e-03,5.000000000000000000e+00,1.615833826489021241e-01,2.384206652641296387e-01,1.351267844438552856e-02
5.670571923255920410e-01,4.201072268187999725e-03,2.000000000000000000e+00,1.980720484748911270e-01,1.797139346599578857e-01,1.267739571630954742e-02
2.183680772781372070e+00,4.250274971127510071e-03,1.400000000000000000e+01,1.908960860988159758e-01,2.195398807525634766e-01,9.302197955548763275e-03
6.963626146316528320e-01,4.309216979891061783e-03,1.000000000000000000e+01,2.059611243178076367e-01,2.390975058078765869e-01,1.919094845652580261e-02
1.482172966003417969e+00,4.380526486784219742e-03,1.200000000000000000e+01,2.067335015471920834e-01,3.359403312206268311e-01,1.091891899704933167e-02
3.121276378631591797e+00,4.391200840473175049e-03,2.000000000000000000e+00,2.416504560797749224e-01,2.511342763900756836e-01,1.376465708017349243e-02
-1.088462471961975098e+00,4.466368816792964935e-03,1.300000000000000000e+01,2.262600176105768746e-01,1.982235163450241089e-01,1.419349014759063721e-02
-1.016553163528442383e+00,4.499497823417186737e-03,5.000000000000000000e+00,2.502441972560065508e-01,9.418613277375698090e-03,1.970672048628330231e-02
4.975081682205200195e-01,4.534322768449783325e-03,9.000000000000000000e+00,2.437655886325298393e-01,1.667662709951400757e-01,1.603443920612335205e-02
-4.168030261993408203e+00,4.524456802755594254e-03,1.000000000000000000e+01,2.357893630660976569e-01,1.376727521419525146e-01,1.228074356913566589e-02
-6.001067161560058594e-01,4.511855542659759521e-03,3.000000000000000000e+00,2.655157142686382366e-01,2.880088388919830322e-01,1.097251661121845245e-02
8.369660377502441406e-02,4.441278986632823944e-03,2.100000000000000000e+01,2.153263983991899888e-01,1.308349668979644775e-01,1.609939895570278168e-02
-2.393565654754638672e+00,4.352389369159936905e-03,1.100000000000000000e+01,1.939276128857136683e-01,1.427387148141860962e-01,2.608475275337696075e-02
-8.712190389633178711e-01,4.236679524183273315e-03,1.100000000000000000e+01,1.997408033764720703e-01,1.239994168281555176e-01,1.571462117135524750e-02
-2.052696704864501953e+00,4.210960119962692261e-03,3.000000000000000000e+00,2.304563047526819175e-01,1.566434204578399658e-01,1.191596407443284988e-02
-1.793577194213867188e+00,4.113293718546628952e-03,1.000000000000000000e+01,2.232536914447064702e-01,1.813030838966369629e-01,1.546093542128801346e-02
3.654283046722412109e+00,4.027070477604866028e-03,1.300000000000000000e+01,1.868393365044553889e-01,1.613402813673019409e-01,1.361248269677162170e-02
2.469859719276428223e-01,4.012114368379116058e-03,1.500000000000000000e+01,1.779583425024352239e-01,2.383652031421661377e-01,9.802183136343955994e-03
1.243754327297210693e-01,4.053488839417695999e-03,1.100000000000000000e+01,1.654685975153487587e-01,1.717063933610916138e-01,9.262913838028907776e-03
9.260711073875427246e-01,4.117563832551240921e-03,1.100000000000000000e+01,1.656299169411042937e-01,2.352640032768249512e-01,1.305204536765813828e-02
4.593619704246520996e-01,4.142167512327432632e-03,1.200000000000000000e+01,1.772608735310326755e-01,8.716209232807159424e-02,1.849457807838916779e-02
1.662841320037841797e+00,4.152987617999315262e-03,2.000000000000000000e+00,2.136157059907839995e-01,2.340473085641860962e-01,1.647352054715156555e-02
2.764651536941528320e+00,4.202975891530513763e-03,1.000000000000000000e+01,2.193599349784781660e-01,3.107586503028869629e-01,1.371848303824663162e-02
3.035670995712280273e+00,4.219144117087125778e-03,2.000000000000000000e+00,2.530141668966942592e-01,1.956588327884674072e-01,1.171351876109838486e-02
5.648282766342163086e-01,4.326460417360067368e-03,1.100000000000000000e+01,2.631560405794736712e-01,8.413182199001312256e-02,8.072044700384140015e-03
5.729132890701293945e-02,4.341179970651865005e-03,2.000000000000000000e+00,2.950644741375008095e-01,2.799614667892456055e-01,1.122517418116331100e-02
1.098500728607177734e+00,4.414399154484272003e-03,1.100000000000000000e+01,2.692163358676255558e-01,1.798092722892761230e-01,2.367389202117919922e-02
-4.104922413825988770e-01,4.575976170599460602e-03,1.600000000000000000e+01,2.489330188826153478e-01,1.499032229185104370e-01,1.390669029206037521e-02
-9.550501108169555664e-01,4.645673092454671860e-03,1.000000000000000000e+01,2.646044395504552615e-01,6.414505839347839355e-02,1.201916672289371490e-02
1.620178520679473877e-01,4.645803943276405334e-03,2.000000000000000000e+00,2.965046566755821789e-01,2.743523716926574707e-01,1.399450562894344330e-02
4.449658393859863281e-01,4.644868895411491394e-03,2.200000000000000000e+01,2.758051487981962868e-01,3.915191069245338440e-02,1.225057523697614670e-02
-2.433033704757690430e+00,4.567212890833616257e-03,1.100000000000000000e+01,2.504245215674940073e-01,2.373043298721313477e-01,1.884128339588642120e-02
-5.192730903625488281e+00,4.460297059267759323e-03,8.000000000000000000e+00,2.450989950765836423e-01,2.680255174636840820e-01,1.642309501767158508e-02
4.788202047348022461e-01,4.420935641974210739e-03,3.000000000000000000e+00,2.745429161306405796e-01,1.546050757169723511e-01,1.163568161427974701e-02
-4.222291469573974609e+00,4.335139878094196320e-03,8.000000000000000000e+00,2.788013621752833959e-01,1.229707300662994385e-01,1.722761616110801697e-02
-1.391452550888061523e-02,4.315768368542194366e-03,2.000000000000000000e+00,3.099837305005497812e-01,2.144723981618881226e-01,1.578344404697418213e-02
1.017616271972656250e+00,4.290773533284664154e-03,4.000000000000000000e+00,3.315254995488426948e-01,2.857756912708282471e-01,2.851032093167304993e-02
7.727726697921752930e-01,4.283416550606489182e-03,1.100000000000000000e+01,3.048496680880722343e-01,1.408020406961441040e-01,3.476807475090026855e-02
-1.652483642101287842e-01,4.321083426475524902e-03,8.000000000000000000e+00,3.176992998698234816e-01,2.523953020572662354e-01,1.943788118660449982e-02
4.163948297500610352e-01,4.309477750211954117e-03,1.700000000000000000e+01,3.153101734253204169e-01,2.302898019552230835e-01,1.007409580051898956e-02
-1.248824000358581543e-01,4.298203159123659134e-03,3.000000000000000000e+00,3.405197362438653341e-01,2.176555842161178589e-01,1.989110745489597321e-02
3.697000741958618164e-01,4.271834623068571091e-03,9.000000000000000000e+00,3.405036354133510468e-01,8.663994818925857544e-02,1.465666666626930237e-02
2.083837270736694336e+00,4.275564104318618774e-03,1.000000000000000000e+01,3.243942715590767967e-01,1.709711700677871704e-01,1.296942401677370071e-02
1.244609355926513672e+00,4.335164558142423630e-03,1.200000000000000000e+01,2.995193237411274967e-01,2.354830652475357056e-01,1.307492237538099289e-02
1.245399951934814453e+00,4.399846773594617844e-03,1.200000000000000000e+01,3.001820412903954405e-01,2.170497030019760132e-01,1.882440410554409027e-02
2.886894702911376953e+00,4.443975631147623062e-03,1.600000000000000000e+01,2.887767323477499759e-01,2.490671128034591675e-01,1.524902414530515671e-02
-3.387084603309631348e-01,4.510958679020404816e-03,1.400000000000000000e+01,2.651646783145528152e-01,1.036472767591476440e-01,1.249338127672672272e-02
1.889970004558563232e-01,4.541482776403427124e-03,1.200000000000000000e+01,2.421382185874033088e-01,3.277434110641479492e-01,1.384885981678962708e-02
-1.577063202857971191e+00,4.601697437465190887e-03,2.600000000000000000e+01,2.334800906123981612e-01,1.059531420469284058e-01,1.050955988466739655e-02
6.300728321075439453e-01,4.506334196776151657e-03,1.300000000000000000e+01,2.331262598221652271e-01,2.287092804908752441e-01,1.071282662451267242e-02
-3.347073554992675781e+00,4.416852258145809174e-03,1.000000000000000000e+01,2.460577415968870085e-01,2.245381474494934082e-01,3.990473598241806030e-02
-3.873352050781250000e+00,4.395723808556795120e-03,2.000000000000000000e+00,2.783872010726332613e-01,1.188686192035675049e-01,1.221061684191226959e-02
-2.652905464172363281e+00,4.359499085694551468e-03,3.000000000000000000e+00,3.062635049271255627e-01,2.848563194274902344e-01,2.133361250162124634e-02
1.820685505867004395e+00,4.245721735060214996e-03,1.500000000000000000e+01,2.795407602422224080e-01,1.442263871431350708e-01,2.542077377438545227e-02
7.300031185150146484e-01,4.229138605296611786e-03,4.000000000000000000e+00,3.044095545034753436e-01,-1.549268513917922974e-02,1.749135740101337433e-02
2.337796688079833984e+00,4.224283620715141296e-03,1.100000000000000000e+01,2.780289538025945140e-01,2.251026928424835205e-01,1.650802604854106903e-02
1.065163493156433105e+00,4.232909530401229858e-03,3.000000000000000000e+00,3.050825333052958332e-01,2.202720642089843750e-01,1.152244023978710175e-02
-7.039157152175903320e-01,4.335510078817605972e-03,1.300000000000000000e+01,3.153299815884610946e-01,2.344780862331390381e-01,1.142373960465192795e-02
1.734592676162719727e+00,4.351984709501266479e-03,2.000000000000000000e+00,3.451453847000809372e-01,3.080126345157623291e-01,1.103180926293134689e-02
2.157357931137084961e+00,4.374740179628133774e-03,8.000000000000000000e+00,3.376553252035698338e-01,3.686827421188354492e-01,1.274293381720781326e-02
1.944280385971069336e+00,4.389069508761167526e-03,8.000000000000000000e+00,3.170097205126886641e-01,1.733189374208450317e-01,1.666438393294811249e-02
1.797662973403930664e+00,4.449297674000263214e-03,1.100000000000000000e+01,2.973071217095230589e-01,8.645626902580261230e-02,1.036701537668704987e-02
1.900293350219726562e+00,4.489182960242033005e-03,1.000000000000000000e+01,2.846838112873441018e-01,2.635613381862640381e-01,1.244190707802772522e-02
3.488255739212036133e-01,4.496201407164335251e-03,2.000000000000000000e+00,3.156482821844494024e-01,1.153597235679626465e-01,1.252207346260547638e-02
-8.540254831314086914e-02,4.546674434095621109e-03,8.000000000000000000e+00,3.283896234281710735e-01,3.179887831211090088e-01,1.307997107505798340e-02
-1.220541000366210938e+00,4.559718538075685501e-03,2.000000000000000000e+00,3.569959871287603503e-01,1.980817168951034546e-01,1.709206961095333099e-02
-1.661748528480529785e+00,4.551008343696594238e-03,6.000000000000000000e+00,3.742614364822394180e-01,1.784138679504394531e-01,1.416523102670907974e-02
-1.153266072273254395e+00,4.307191353291273117e-03,3.300000000000000000e+01,3.182260478737157783e-01,3.467412889003753662e-01,2.206839621067047119e-02
-1.212295889854431152e+00,4.183375276625156403e-03,1.900000000000000000e+01,2.893794600235514158e-01,1.915270537137985229e-01,1.093461457639932632e-02
2.438027858734130859e-01,4.171893000602722168e-03,2.000000000000000000e+00,3.199301695191599793e-01,5.424280837178230286e-02,1.642706617712974548e-02
-1.492177248001098633e+00,4.132894799113273621e-03,9.000000000000000000e+00,3.098566992054930247e-01,1.287517547607421875e-01,1.860676519572734833e-02
2.860937714576721191e-01,4.110954236239194870e-03,1.900000000000000000e+01,2.805449896625700767e-01,1.873635351657867432e-01,1.099361851811408997e-02
4.960640370845794678e-01,4.130337852984666824e-03,1.000000000000000000e+01,2.500033960385543153e-01,1.500393152236938477e-01,1.605215854942798615e-02
-1.301788330078125000e+00,4.138006363064050674e-03,2.000000000000000000e+00,2.818023940037936992e-01,1.484199315309524536e-01,1.519659999758005142e-02
-1.010662555694580078e+00,4.183788318186998367e-03,1.100000000000000000e+01,2.667454582806118579e-01,5.649483948945999146e-02,1.320353150367736816e-02
-7.790482640266418457e-01,4.316820297390222549e-03,3.600000000000000000e+01,1.596312036477430252e-01,1.039801687002182007e-01,9.675079956650733948e-03
-1.796487331390380859e+00,4.325707443058490753e-03,5.000000000000000000e+00,1.877002732674040719e-01,2.908142209053039551e-01,1.191584020853042603e-02
-1.771646976470947266e+00,4.322942346334457397e-03,1.100000000000000000e+01,1.698082446067303852e-01,4.390192776918411255e-02,1.600743457674980164e-02
6.383883953094482422e-02,4.333868622779846191e-03,8.000000000000000000e+00,1.924640547293754445e-01,7.052344083786010742e-02,1.201024930924177170e-02
1.929143309593200684e+00,4.340652376413345337e-03,3.000000000000000000e+00,2.245488039409533620e-01,2.036900222301483154e-01,1.149925868958234787e-02
4.525860786437988281e+00,4.355750512331724167e-03,3.000000000000000000e+00,2.549200426829501542e-01,1.887315660715103149e-01,1.001531537622213364e-02
3.176013708114624023e+00,4.448843654245138168e-03,1.000000000000000000e+01,2.639772454503190868e-01,9.731115400791168213e-02,1.239106524735689163e-02
-4.092179834842681885e-01,4.581808112561702728e-03,1.100000000000000000e+01,2.608854902657729014e-01,2.620951235294342041e-01,1.939465850591659546e-02
3.599922657012939453e-01,4.681042395532131195e-03,9.000000000000000000e+00,2.681283454079646522e-01,1.712914854288101196e-01,1.706335507333278656e-02
3.848820328712463379e-01,4.773818422108888626e-03,1.200000000000000000e+01,2.713595773384230858e-01,1.595682203769683838e-01,1.237266883254051208e-02
1.069104433059692383e+00,4.802586510777473450e-03,1.000000000000000000e+01,2.833401994357501175e-01,2.008812576532363892e-01,2.570145018398761749e-02
1.835582852363586426e-01,4.828656092286109924e-03,9.000000000000000000e+00,2.955473765981689316e-01,1.563010960817337036e-01,1.491596549749374390e-02
-5.181559324264526367e-01,4.860132001340389252e-03,1.200000000000000000e+01,2.812052289634814350e-01,2.613320946693420410e-01,1.609568111598491669e-02
-2.655541419982910156e+00,4.869046155363321304e-03,7.000000000000000000e+00,2.903485291565832682e-01,2.775954827666282654e-02,1.124407444149255753e-02
-1.764222621917724609e+00,4.860755056142807007e-03,1.000000000000000000e+01,3.023970092904675333e-01,1.839570105075836182e-01,1.103441510349512100e-02
-9.686960577964782715e-01,4.849626217037439346e-03,4.000000000000000000e+00,3.248950542056066593e-01,8.269065618515014648e-02,1.177942566573619843e-02
2.300514876842498779e-01,4.774089436978101730e-03,1.200000000000000000e+01,2.996758834512360803e-01,1.363393068313598633e-01,4.826473444700241089e-02
1.025238037109375000e+00,4.664767533540725708e-03,1.200000000000000000e+01,2.852200561393560263e-01,1.131732687354087830e-01,1.194631587713956833e-02
9.740248322486877441e-01,4.589213989675045013e-03,9.000000000000000000e+00,2.661791877396700867e-01,2.156545221805572510e-01,1.469789817929267883e-02
2.846866846084594727e-02,4.505885299295186996e-03,1.100000000000000000e+01,2.597338700915781673e-01,5.828907713294029236e-02,2.408369258046150208e-02
1.352584362030029297e+00,4.465012345463037491e-03,7.000000000000000000e+00,2.783696888530390878e-01,1.603708267211914062e-01,1.078553777188062668e-02
2.051558732986450195e+00,4.423520993441343307e-03,1.200000000000000000e+01,2.590580409230719416e-01,2.351384460926055908e-01,1.049885060638189316e-02
-1.898277044296264648e+00,4.405250307172536850e-03,8.000000000000000000e+00,2.589811447202000627e-01,1.676161587238311768e-01,9.758116677403450012e-03
-1.341610074043273926e+00,4.381590057164430618e-03,9.000000000000000000e+00,2.399781051816435584e-01,1.597072929143905640e-01,2.035285532474517822e-02
-2.856032252311706543e-01,4.364846739917993546e-03,8.000000000000000000e+00,2.425758808468577721e-01,1.999655216932296753e-01,1.847824826836585999e-02
7.734264731407165527e-01,4.381650593131780624e-03,9.000000000000000000e+00,2.233622835213003033e-01,2.400529682636260986e-01,1.411027368158102036e-02
-8.102926015853881836e-01,4.410624504089355469e-03,8.000000000000000000e+00,2.213641386804336975e-01,4.283896461129188538e-02,1.361936703324317932e-02
2.811129093170166016e+00,4.430174361914396286e-03,4.000000000000000000e+00,2.493270875263697839e-01,1.624632030725479126e-01,2.112644910812377930e-02
5.994618415832519531e+00,4.547526594251394272e-03,1.200000000000000000e+01,2.107116042138201528e-01,2.480047345161437988e-01,1.595095358788967133e-02
2.513541698455810547e+00,4.587159492075443268e-03,3.000000000000000000e+00,2.170527483655025069e-01,1.903806775808334351e-01,1.704199612140655518e-02
-7.262238264083862305e-01,4.610333591699600220e-03,2.000000000000000000e+00,2.513134483597039281e-01,1.616691499948501587e-01,2.214216440916061401e-02
-1.023695468902587891e-01,4.685535561293363571e-03,1.800000000000000000e+01,2.408429921750020186e-01,1.040661036968231201e-01,1.508331764489412308e-02
4.426111698150634766e+00,4.716224502772092819e-03,9.000000000000000000e+00,2.306880943754913149e-01,1.794059276580810547e-01,1.117318682372570038e-02
-2.931392788887023926e-01,4.753926303237676620e-03,5.000000000000000000e+00,2.540779604281606097e-01,-2.364293485879898071e-02,1.297130901366472244e-02
-2.054026603698730469e+00,4.812205210328102112e-03,9.000000000000000000e+00,2.411319673386554674e-01,1.160390004515647888e-01,2.255614474415779114e-02
5.636930465698242188e-01,4.865390714257955551e-03,9.000000000000000000e+00,2.381077175151282144e-01,5.440435931086540222e-02,1.795010268688201904e-02
6.676228642463684082e-01,4.899565596133470535e-03,1.200000000000000000e+01,1.991269351611956728e-01,1.070606485009193420e-01,1.566859520971775055e-02
-1.316371798515319824e+00,4.894269630312919617e-03,1.000000000000000000e+01,1.702703647679988108e-01,1.861235201358795166e-01,9.523758664727210999e-03
5.341594815254211426e-01,4.856902174651622772e-03,9.000000000000000000e+00,1.660878906372744157e-01,1.982595622539520264e-01,1.458319649100303650e-02
9.778412580490112305e-01,4.835012834519147873e-03,9.000000000000000000e+00,1.801291243222733762e-01,1.401741802692413330e-01,1.931488513946533203e-02
3.172999620437622070e+00,4.831537138670682907e-03,1.000000000000000000e+01,1.798054529168219839e-01,1.233405992388725281e-01,1.773240044713020325e-02
3.623176574707031250e+00,4.828393459320068359e-03,3.000000000000000000e+00,1.879894003561249360e-01,2.026120573282241821e-01,1.503140013664960861e-02
2.786304473876953125e+00,4.828098695725202560e-03,1.300000000000000000e+01,1.713053259528234951e-01,2.348717004060745239e-01,1.686169579625129700e-02
1.725220084190368652e+00,4.831525962799787521e-03,2.000000000000000000e+00,2.076621458791422514e-01,1.592819392681121826e-01,8.868882432579994202e-03
7.810991406440734863e-01,4.846253897994756699e-03,4.000000000000000000e+00,2.340355432847729678e-01,9.355862438678741455e-02,2.022427134215831757e-02
-1.109871864318847656e+00,4.807820077985525131e-03,1.300000000000000000e+01,2.210006383909396133e-01,4.227548837661743164e-02,1.150836329907178879e-02
-8.755639791488647461e-01,4.792402032762765884e-03,2.000000000000000000e+00,2.553739483864040372e-01,9.191334247589111328e-02,1.400770153850317001e-02
3.580317199230194092e-01,4.747598897665739059e-03,6.000000000000000000e+00,2.758753738229855479e-01,-1.528098806738853455e-02,1.355320308357477188e-02
1.250067591667175293e+00,4.748832900077104568e-03,1.000000000000000000e+01,2.391018453343823902e-01,2.137834429740905762e-01,1.628130301833152771e-02
-2.076282739639282227e+00,4.765600897371768951e-03,5.000000000000000000e+00,2.628574329936414489e-01,-2.585257962346076965e-02,1.800261437892913818e-02
2.436509728431701660e-01,4.781210795044898987e-03,4.000000000000000000e+00,2.639423368282828863e-01,1.603107303380966187e-01,1.735603064298629761e-02
7.183313965797424316e-01,4.786313511431217194e-03,2.000000000000000000e+00,2.958713619671591299e-01,7.114870846271514893e-02,1.588355004787445068e-02
-2.613027989864349365e-01,4.785167984664440155e-03,1.100000000000000000e+01,2.892026833021851262e-01,1.621580868959426880e-01,1.305333245545625687e-02
-3.267539739608764648e+00,4.684769082814455032e-03,1.300000000000000000e+01,2.897130448751649712e-01,-8.299194276332855225e-03,2.312511950731277466e-02
2.740717649459838867e+00,4.570790100842714310e-03,1.200000000000000000e+01,2.684937048506092494e-01,1.093204841017723083e-01,1.847164332866668701e-02
2.528388023376464844e+00,4.594922065734863281e-03,1.000000000000000000e+01,2.554441671444757644e-01,1.717691719532012939e-01,1.583724841475486755e-02
2.385560989379882812e+00,4.625584464520215988e-03,2.000000000000000000e+01,2.453460252488746940e-01,1.308282017707824707e-01,1.557497400790452957e-02
-1.023990035057067871e+00,4.642309155315160751e-03,7.000000000000000000e+00,2.563153168454607167e-01,2.121261507272720337e-02,1.924579031765460968e-02
-3.211833715438842773e+00,4.594768863171339035e-03,1.200000000000000000e+01,2.367299139847455214e-01,4.554186761379241943e-02,8.904409594833850861e-03
-8.459941744804382324e-01,4.567785654217004776e-03,3.000000000000000000e+00,2.653695378037882469e-01,1.558309495449066162e-01,1.549770683050155640e-02
2.985184192657470703e-01,4.540815949440002441e-03,3.000000000000000000e+00,2.927985945508840837e-01,1.182369440793991089e-01,1.350117195397615433e-02
2.233339309692382812e+00,4.432412330061197281e-03,1.100000000000000000e+01,2.664387964911922868e-01,1.905494332313537598e-01,1.251502428203821182e-02
-6.842545866966247559e-01,4.370194859802722931e-03,9.000000000000000000e+00,2.462207344941578224e-01,5.276783555746078491e-02,1.709098555147647858e-02
-2.818927288055419922e+00,4.357753321528434753e-03,2.000000000000000000e+00,2.789394806458222464e-01,7.210078090429306030e-02,1.564152538776397705e-02
-2.098187804222106934e-01,4.308267962187528610e-03,8.000000000000000000e+00,2.682752339146519116e-01,3.889363259077072144e-02,1.082775183022022247e-02
3.842202425003051758e-01,4.287605639547109604e-03,9.000000000000000000e+00,2.558762535896783041e-01,2.100739628076553345e-01,1.611894182860851288e-02
-1.223069906234741211e+00,4.430584609508514404e-03,3.500000000000000000e+01,1.882277064819674328e-01,4.290551319718360901e-02,1.552989985793828964e-02
1.955138564109802246e+00,4.486014135181903839e-03,1.100000000000000000e+01,1.972129037054443090e-01,3.413793072104454041e-02,1.394388452172279358e-02
-1.409747958183288574e+00,4.501675721257925034e-03,3.000000000000000000e+00,2.298379782531123072e-01,-4.277507960796356201e-02,1.117951609194278717e-02
2.862853050231933594e+00,4.561262670904397964e-03,1.400000000000000000e+01,2.418481023928808760e-01,2.225523591041564941e-01,1.831595227122306824e-02
1.309824943542480469e+00,4.719536285847425461e-03,1.500000000000000000e+01,2.410392044713321469e-01,1.488918066024780273e-01,1.526841148734092712e-02
2.013235569000244141e+00,4.824508912861347198e-03,9.000000000000000000e+00,2.569835316495311384e-01,9.341274946928024292e-02,1.229433249682188034e-02
-1.140442967414855957e+00,4.854843951761722565e-03,3.000000000000000000e+00,2.848676842737596915e-01,-4.752529412508010864e-02,8.913232944905757904e-03
1.668666303157806396e-01,4.906829912215471268e-03,8.000000000000000000e+00,2.800940677199743045e-01,1.175797656178474426e-01,1.205401774495840073e-02
1.803470730781555176e+00,4.919302184134721756e-03,3.000000000000000000e+00,3.070494448830964895e-01,2.309232577681541443e-02,1.112793758511543274e-02
7.148932218551635742e-01,5.038972478359937668e-03,2.000000000000000000e+01,2.316529004430540883e-01,1.944603025913238525e-01,1.472482644021511078e-02
2.397027015686035156e-01,5.038374103605747223e-03,1.200000000000000000e+01,2.140246300620814168e-01,4.289316013455390930e-02,1.712447218596935272e-02
-2.129152417182922363e-01,4.987710155546665192e-03,1.100000000000000000e+01,1.948683623509437912e-01,7.933016121387481689e-02,1.824375241994857788e-02
6.830881834030151367e-01,4.963592626154422760e-03,1.000000000000000000e+01,1.856167136589675637e-01,1.507341265678405762e-01,1.133148930966854095e-02
-3.326097011566162109e+00,4.938565194606781006e-03,2.100000000000000000e+01,1.408697352321932605e-01,8.754218369722366333e-02,1.372998300939798355e-02
1.325287699699401855e+00,4.977892618626356125e-03,1.800000000000000000e+01,1.290284920780748468e-01,5.326381698250770569e-02,1.501102186739444733e-02
-3.831704378128051758e+00,4.927688278257846832e-03,3.600000000000000000e+01,-3.145516467944198258e-03,2.158541232347488403e-02,2.955785766243934631e-02
3.492443561553955078e-01,4.913139622658491135e-03,3.000000000000000000e+00,3.771261744180059300e-02,3.691182658076286316e-02,1.613685302436351776e-02
1.972255945205688477e+00,4.909973125904798508e-03,2.000000000000000000e+00,8.028159468228418527e-02,1.698615700006484985e-01,2.550198324024677277e-02
-2.362959861755371094e+00,4.911361727863550186e-03,2.000000000000000000e+00,1.217019116621420732e-01,4.761690646409988403e-02,2.808290719985961914e-02
-3.598918318748474121e-01,4.906904418021440506e-03,3.000000000000000000e+00,1.567233456128980240e-01,6.726144254207611084e-02,1.171970367431640625e-02
2.654012441635131836e+00,4.929295741021633148e-03,1.100000000000000000e+01,1.186037939346271941e-01,4.081495851278305054e-02,1.333274040371179581e-02
3.825361728668212891e-01,4.940673708915710449e-03,5.000000000000000000e+00,1.489238783075030881e-01,6.315156817436218262e-02,1.138328202068805695e-02
7.995420694351196289e-02,4.938337020576000214e-03,3.000000000000000000e+00,1.578057446465825353e-01,8.865457773208618164e-02,9.252073243260383606e-03
3.102765560150146484e+00,4.943946842104196548e-03,8.000000000000000000e+00,1.659645811559397610e-01,5.606249347329139709e-02,1.656558550894260406e-02
-3.145206212997436523e+00,4.938143771141767502e-03,8.000000000000000000e+00,1.735718677614685457e-01,7.769948244094848633e-02,3.940530866384506226e-02
-2.952155590057373047e+00,4.931425675749778748e-03,2.000000000000000000e+00,2.097780276006289968e-01,1.085366904735565186e-01,1.328591909259557724e-02
2.030619144439697266e+00,4.903688561171293259e-03,9.000000000000000000e+00,2.162417170512216380e-01,2.027263492345809937e-02,1.503339316695928574e-02
-5.772049427032470703e-01,4.892489407211542130e-03,3.000000000000000000e+00,2.221790400397936627e-01,-4.058670997619628906e-02,1.332813128829002380e-02
2.596587419509887695e+00,4.887273069471120834e-03,3.000000000000000000e+00,2.279603318511994881e-01,9.893050789833068848e-02,1.709848269820213318e-02
-1.795210361480712891e+00,4.869923926889896393e-03,1.400000000000000000e+01,1.952939636963183234e-01,3.308891877532005310e-02,1.263574603945016861e-02
5.706526041030883789e-01,4.966097418218851089e-03,2.300000000000000000e+01,1.456221479509965389e-01,9.347509592771530151e-03,1.574474014341831207e-02
-9.260473400354385376e-02,4.979079589247703552e-03,1.300000000000000000e+01,1.228044411334356656e-01,1.640942506492137909e-02,1.339090429246425629e-02
1.464720606803894043e+00,4.980777390301227570e-03,8.000000000000000000e+00,1.367084951950423843e-01,8.510097861289978027e-02,1.099017634987831116e-02
2.847610950469970703e+00,5.045293364673852921e-03,9.000000000000000000e+00,1.214560457856106029e-01,2.313912846148014069e-02,1.739743165671825409e-02
4.762854576110839844e-01,5.105369258671998978e-03,9.000000000000000000e+00,1.218379809807851877e-01,-5.389960482716560364e-02,2.023330703377723694e-02
2.104429960250854492e+00,5.166535265743732452e-03,1.400000000000000000e+01,1.170757397396921390e-01,1.193258166313171387e-01,1.211822219192981720e-02
3.081418752670288086e+00,5.219448823481798172e-03,1.500000000000000000e+01,1.149153618305306934e-01,1.352785527706146240e-01,1.506166253238916397e-02
-1.358324766159057617e+00,5.239444784820079803e-03,3.000000000000000000e+00,1.491500265026998728e-01,1.332251280546188354e-01,1.359471399337053299e-02
1.065026164054870605e+00,5.264541134238243103e-03,6.000000000000000000e+00,1.717741880857613368e-01,4.226297140121459961e-02,9.644400328397750854e-03
-1.413223743438720703e-01,5.286469124257564545e-03,1.100000000000000000e+01,1.673654278086109393e-01,7.404376752674579620e-03,1.193810999393463135e-02
-1.859520554542541504e+00,5.281012039631605148e-03,2.000000000000000000e+00,2.044955346204995472e-01,9.661383926868438721e-02,1.606319099664688110e-02
7.397589087486267090e-01,5.308209918439388275e-03,6.000000000000000000e+00,2.274763253760587745e-01,7.932013273239135742e-02,1.392001751810312271e-02
1.975519061088562012e+00,5.363040138036012650e-03,8.000000000000000000e+00,2.213324028065442040e-01,1.532188616693019867e-02,1.783569902181625366e-02
-5.774357914924621582e-02,5.369347520172595978e-03,3.000000000000000000e+00,2.517081739425765519e-01,1.387534141540527344e-01,1.174213737249374390e-02
-4.282872676849365234e-01,5.370169412344694138e-03,2.000000000000000000e+00,2.842185770297151470e-01,4.403557628393173218e-02,1.312208734452724457e-02
-4.463002681732177734e-01,5.400306079536676407e-03,1.200000000000000000e+01,2.510081002943611583e-01,4.637932777404785156e-02,1.757928542792797089e-02
2.373123168945312500e+00,5.403866060078144073e-03,8.000000000000000000e+00,2.391789956729860611e-01,3.440856933593750000e-02,1.142497919499874115e-02
-3.782826900482177734e+00,5.400661379098892212e-03,3.000000000000000000e+00,2.681162090251037466e-01,7.389584928750991821e-02,1.525980979204177856e-02
-2.278693675994873047e+00,5.366383586078882217e-03,8.000000000000000000e+00,2.737449770387738734e-01,8.726463466882705688e-02,1.936850696802139282e-02
-5.751581788063049316e-01,5.355904810130596161e-03,3.000000000000000000e+00,3.010225089347256522e-01,5.360229685902595520e-02,1.481692492961883545e-02
-1.312521100044250488e+00,5.261341109871864319e-03,1.600000000000000000e+01,2.486019368452925260e-01,6.580075621604919434e-02,1.810982078313827515e-02
1.701620697975158691e+00,5.245374515652656555e-03,2.000000000000000000e+00,2.817198070346260130e-01,2.050395905971527100e-01,1.219050399959087372e-02
-1.261321663856506348e+00,5.140710156410932541e-03,1.600000000000000000e+01,2.566994892332451483e-01,1.615990512073040009e-02,1.203949004411697388e-02
-4.186139702796936035e-01,5.099155474454164505e-03,7.000000000000000000e+00,2.539283898656390370e-01,1.763590872287750244e-01,1.414388883858919144e-02
2.548006176948547363e-02,5.077529698610305786e-03,1.000000000000000000e+01,2.357425844992777908e-01,6.329213082790374756e-02,1.061480399221181870e-02
1.412998318672180176e+00,5.068054888397455215e-03,1.100000000000000000e+01,2.363278068983855063e-01,6.294238567352294922e-02,1.639934815466403961e-02
6.903400421142578125e-01,5.070871207863092422e-03,2.000000000000000000e+00,2.694334513684200072e-01,5.165587365627288818e-02,1.284004002809524536e-02
-1.235198020935058594e+00,5.106194876134395599e-03,1.800000000000000000e+01,2.526730420468332738e-01,1.487969607114791870e-01,1.611998304724693298e-02
-2.624368906021118164e+00,5.078118294477462769e-03,8.000000000000000000e+00,2.493759766135790201e-01,7.555402070283889771e-02,3.770256415009498596e-02
1.793360471725463867e+00,5.025091581046581268e-03,1.300000000000000000e+01,2.043825490319201577e-01,1.017577350139617920e-01,1.553122792392969131e-02
-6.359881162643432617e-01,5.016774404793977737e-03,9.000000000000000000e+00,2.119810119659995828e-01,1.212055012583732605e-01,1.144903618842363358e-02
-6.852662563323974609e-01,5.012584850192070007e-03,2.000000000000000000e+00,2.458787688237161484e-01,8.552330732345581055e-02,1.108836382627487183e-02
2.622859716415405273e+00,5.023182369768619537e-03,9.000000000000000000e+00,2.231317671329423324e-01,1.149780228734016418e-01,1.182372681796550751e-02
3.088670730590820312e+00,5.069338716566562653e-03,1.100000000000000000e+01,2.267859629373860653e-01,2.179288864135742188e-01,1.656835339963436127e-02
-1.124552249908447266e+00,5.099389236420392990e-03,1.300000000000000000e+01,2.087814977642949987e-01,6.397915631532669067e-02,1.574533991515636444e-02
3.394233703613281250e+00,5.062980111688375473e-03,1.100000000000000000e+01,2.097104161191188920e-01,8.352410793304443359e-02,1.337224617600440979e-02
-1.089981436729431152e+00,4.989605862647294998e-03,9.000000000000000000e+00,1.953220630807472602e-01,3.865628689527511597e-02,1.726948283612728119e-02
-4.364117383956909180e-01,4.964494612067937851e-03,3.000000000000000000e+00,2.242994104193303806e-01,1.135505512356758118e-01,1.364949159324169159e-02
1.689424514770507812e+00,4.897717852145433426e-03,8.000000000000000000e+00,2.405029749148409612e-01,9.079408645629882812e-02,2.256310731172561646e-02
3.246574640274047852e+00,4.852860234677791595e-03,1.200000000000000000e+01,2.412079164892092231e-01,7.637400925159454346e-02,1.181162055581808090e-02
-7.287771105766296387e-01,4.890026524662971497e-03,1.300000000000000000e+01,2.289818085764022682e-01,1.407627463340759277e-01,2.099192701280117035e-02
9.324957728385925293e-01,4.894698970019817352e-03,3.000000000000000000e+00,2.584152459757986797e-01,1.865772306919097900e-01,8.099009096622467041e-02
4.359445571899414062e+00,4.899635445326566696e-03,3.000000000000000000e+00,2.855595572714597075e-01,6.273099780082702637e-02,1.683008298277854919e-02
2.249707221984863281e+00,4.913038574159145355e-03,2.000000000000000000e+00,3.168969309805195200e-01,1.486222892999649048e-01,1.213413942605257034e-02
8.309392929077148438e-01,4.968667402863502502e-03,7.000000000000000000e+00,3.263565179486515588e-01,2.569622546434402466e-02,1.443423796445131302e-02
-5.560750961303710938e-01,4.986212123185396194e-03,3.000000000000000000e+00,3.504863097459545163e-01,-5.294815078377723694e-02,1.386294700205326080e-02
6.080647706985473633e-01,5.082003772258758545e-03,1.200000000000000000e+01,3.356202943604138511e-01,1.247310936450958252e-01,2.204043418169021606e-02
5.586994886398315430e-01,5.094433203339576721e-03,2.000000000000000000e+00,3.635028173085947389e-01,2.512592822313308716e-03,1.602769270539283752e-02
-2.031877338886260986e-01,5.156323779374361038e-03,8.000000000000000000e+00,3.581885043361837107e-01,1.019335389137268066e-01,1.099975593388080597e-02
1.422952413558959961e+00,5.214960779994726181e-03,1.100000000000000000e+01,3.423194284389517450e-01,4.924716055393218994e-02,1.284749805927276611e-02
-8.654221296310424805e-01,5.375967361032962799e-03,2.500000000000000000e+01,2.966957052317854560e-01,-6.630975753068923950e-03,4.429750144481658936e-02
-5.333542823791503906e-03,5.386852659285068512e-03,7.000000000000000000e+00,3.051856617658552651e-01,-1.700228825211524963e-02,2.135328389704227448e-02
-2.332937240600585938e+00,5.369708407670259476e-03,1.200000000000000000e+01,2.990169622627651957e-01,1.538057327270507812e-01,1.147519145160913467e-02
2.284618139266967773e+00,5.357692949473857880e-03,3.000000000000000000e+00,3.235263432782261028e-01,5.900482088327407837e-02,8.139941841363906860e-03
-1.041145324707031250e+00,5.352660082280635834e-03,3.000000000000000000e+00,3.482775133535563894e-01,2.849815599620342255e-02,1.116534415632486343e-02
-2.516321420669555664e+00,5.339449737221002579e-03,7.000000000000000000e+00,3.446656191946104175e-01,1.581262424588203430e-02,1.049810741096735001e-02
3.296678662300109863e-01,5.119686946272850037e-03,2.060000000000000000e+02,-4.628756786762691644e-01,4.300381988286972046e-02,1.187331415712833405e-02
4.154319763183593750e+00,5.117065738886594772e-03,2.000000000000000000e+00,-3.945553998758461467e-01,1.546799540519714355e-01,4.383222013711929321e-02
3.078944087028503418e-01,5.198014434427022934e-03,1.300000000000000000e+01,-3.727840488731427038e-01,-1.983716897666454315e-02,1.646370254456996918e-02
4.037991762161254883e-01,5.298650823533535004e-03,1.100000000000000000e+01,-3.491012269308750859e-01,1.901148818433284760e-02,2.549252100288867950e-02
-1.471989750862121582e-01,5.351616069674491882e-03,1.000000000000000000e+01,-3.254198107469137291e-01,1.222537532448768616e-01,1.166835427284240723e-02
-6.724366545677185059e-01,5.376426503062248230e-03,3.000000000000000000e+00,-2.670552982941918341e-01,-7.617317885160446167e-02,1.667102426290512085e-02
-7.688400745391845703e-01,5.430148448795080185e-03,1.000000000000000000e+01,-2.439244795071949801e-01,-1.114705801010131836e-01,2.139305695891380310e-02
-1.172907873988151550e-01,5.432062316685914993e-03,7.000000000000000000e+00,-2.007984948969360750e-01,9.354971349239349365e-03,1.263301260769367218e-02
-1.316009640693664551e+00,5.440162494778633118e-03,6.000000000000000000e+00,-1.610160537611099729e-01,-1.521977037191390991e-01,1.138532813638448715e-02
-1.397928953170776367e+00,5.437685642391443253e-03,2.000000000000000000e+00,-1.077948530165473567e-01,1.318299025297164917e-01,1.356020569801330566e-02
-1.526490211486816406e+00,5.441387183964252472e-03,3.000000000000000000e+00,-6.283183097002048578e-02,-5.760370939970016479e-02,1.422849297523498535e-02
-3.450453877449035645e-01,5.473238416016101837e-03,1.300000000000000000e+01,-3.392916829461140038e-02,-1.822082325816154480e-02,1.744241267442703247e-02
-1.447266340255737305e+00,5.494151730090379715e-03,3.000000000000000000e+00,9.963800293499552874e-03,6.930556893348693848e-02,1.037629880011081696e-02
-2.244611084461212158e-01,5.517233628779649734e-03,2.000000000000000000e+01,-3.140792572306632530e-02,-1.259883791208267212e-01,1.504030451178550720e-02
-3.998580455780029297e+00,5.501064471900463104e-03,2.000000000000000000e+00,1.520905226353121142e-02,1.207188069820404053e-01,1.160530839115381241e-02
-3.965774536132812500e+00,5.316422320902347565e-03,1.900000000000000000e+01,1.319333551713969960e-02,1.502510346472263336e-02,1.149694342166185379e-02
-2.388962507247924805e+00,5.202031228691339493e-03,1.100000000000000000e+01,3.767943136092914008e-03,-1.302185654640197754e-01,1.501913461834192276e-02
5.754885673522949219e-01,5.069128237664699554e-03,9.000000000000000000e+00,-3.800807773235392178e-03,-5.679325759410858154e-02,1.065046805888414383e-02
9.187687039375305176e-01,5.057204049080610275e-03,2.000000000000000000e+00,4.150175791461785391e-02,1.487817987799644470e-02,2.629237808287143707e-02
1.494467020034790039e+00,5.043426994234323502e-03,3.000000000000000000e+00,7.863927165076677051e-02,-8.132062852382659912e-03,2.229401841759681702e-02
6.302840709686279297e-01,4.993335343897342682e-03,1.100000000000000000e+01,6.877937394316262221e-02,5.801903456449508667e-02,9.098565205931663513e-03
-1.271687746047973633e+00,4.980430472642183304e-03,5.000000000000000000e+00,1.000600949951857555e-01,-2.018224447965621948e-03,2.012435533106327057e-02
2.963935136795043945e-01,4.970428068190813065e-03,9.000000000000000000e+00,1.182386838498123149e-01,-3.741889446973800659e-02,1.335987914353609085e-02
-1.370126605033874512e+00,4.974145907908678055e-03,8.000000000000000000e+00,1.023526156889684319e-01,3.675395622849464417e-02,9.687274694442749023e-03
1.976643502712249756e-02,4.970544483512639999e-03,2.000000000000000000e+00,1.419265501648110939e-01,1.188178285956382751e-01,2.516749873757362366e-02
7.066460847854614258e-01,4.963138606399297714e-03,3.000000000000000000e+00,1.772144047595487770e-01,2.300566993653774261e-03,1.978232525289058685e-02
-2.246598899364471436e-01,4.953744821250438690e-03,8.000000000000000000e+00,1.728113246106659784e-01,4.386789724230766296e-02,8.367600850760936737e-03
-1.507994890213012695e+00,4.959031473845243454e-03,1.200000000000000000e+01,1.779614598961052896e-01,-1.385815721005201340e-02,1.648354902863502502e-02
1.009125590324401855e+00,4.959220997989177704e-03,2.000000000000000000e+00,2.141639502933431471e-01,1.007357798516750336e-02,8.756187744438648224e-03
-6.902729272842407227e-01,4.971409682184457779e-03,9.000000000000000000e+00,2.134393355733422704e-01,1.864191889762878418e-01,1.430716738104820251e-02
2.367149591445922852e-01,4.966708365827798843e-03,1.400000000000000000e+01,2.166241493236973625e-01,5.629190057516098022e-02,1.206065434962511063e-02
-1.529796600341796875e+00,4.946050234138965607e-03,1.000000000000000000e+01,1.974784636464076149e-01,5.019231140613555908e-02,2.040474303066730499e-02
-1.785590648651123047e+00,4.909319803118705750e-03,9.000000000000000000e+00,1.967619462577540612e-01,-1.635822355747222900e-01,1.339720748364925385e-02
1.252110153436660767e-01,4.880545195192098618e-03,6.000000000000000000e+00,2.102674351215002013e-01,-2.307740598917007446e-02,2.189407683908939362e-02
3.376356601715087891e+00,4.870548378676176071e-03,3.000000000000000000e+00,2.404935810243740979e-01,8.414313197135925293e-02,9.259495884180068970e-03
-2.685688972473144531e+00,4.834454972296953201e-03,1.100000000000000000e+01,2.397095158993574615e-01,1.407459937036037445e-02,1.281155925244092941e-02
1.970069885253906250e+00,4.829250276088714600e-03,1.300000000000000000e+01,2.036466250106100384e-01,-7.946163415908813477e-03,1.262197550386190414e-02
9.478762745857238770e-01,4.992444999516010284e-03,2.400000000000000000e+01,1.959559704743508435e-01,1.149738878011703491e-01,1.289039384573698044e-02
3.298997879028320312e-01,5.071795079857110977e-03,1.100000000000000000e+01,1.945224666062543573e-01,-5.796954035758972168e-02,2.974291890859603882e-02
6.841737031936645508e-02,5.139817949384450912e-03,9.000000000000000000e+00,2.001537348121774362e-01,1.299758441746234894e-02,2.236516401171684265e-02
6.460629105567932129e-01,5.213523749262094498e-03,1.200000000000000000e+01,1.929197541277461736e-01,1.320349052548408508e-02,1.711232215166091919e-02
1.605882167816162109e+00,5.297652911394834518e-03,1.100000000000000000e+01,1.910081830328514974e-01,-6.171745061874389648e-02,2.120262198150157928e-02
-1.463672161102294922e+00,5.355427507311105728e-03,9.000000000000000000e+00,1.826923328509450217e-01,-1.070590689778327942e-02,1.329753827303647995e-02
2.970843076705932617e+00,5.375621374696493149e-03,3.000000000000000000e+00,2.132436170902842487e-01,3.071149811148643494e-03,1.090866979211568832e-02
-6.536295413970947266e-01,5.392319057136774063e-03,3.000000000000000000e+00,2.440783970545375992e-01,-1.085934601724147797e-02,1.925322599709033966e-02
2.340580821037292480e-01,5.416731815785169601e-03,9.000000000000000000e+00,2.529192787499340844e-01,-4.254699125885963440e-02,1.251661591231822968e-02
2.371554851531982422e+00,5.444379523396492004e-03,8.000000000000000000e+00,2.551307455685294379e-01,3.451091796159744263e-02,1.351833716034889221e-02
-1.329208850860595703e+00,5.463371984660625458e-03,7.000000000000000000e+00,2.772196306846766434e-01,-3.227322548627853394e-02,1.414094213396310806e-02
-2.684794664382934570e+00,5.427575204521417618e-03,1.300000000000000000e+01,2.646032524341461190e-01,-1.280800253152847290e-01,1.586923561990261078e-02
-1.515951395034790039e+00,5.418147426098585129e-03,2.000000000000000000e+00,2.958198856187275183e-01,-3.711379319429397583e-02,1.253860164433717728e-02
2.406386613845825195e+00,5.404043942689895630e-03,3.000000000000000000e+00,3.214667841622025346e-01,6.971095502376556396e-02,1.432406995445489883e-02
2.171882152557373047e+00,5.405322182923555374e-03,2.000000000000000000e+00,3.504068019079517593e-01,3.853275626897811890e-02,2.166955545544624329e-02
-5.080538988113403320e-01,5.386256612837314606e-03,1.200000000000000000e+01,3.117334180432541624e-01,-8.970079571008682251e-02,2.617163769900798798e-02
-1.155077457427978516e+00,5.369708407670259476e-03,2.000000000000000000e+00,3.406850651343747427e-01,-1.761906594038009644e-02,9.698546491563320160e-03
1.075046062469482422e-01,5.304414778947830200e-03,8.000000000000000000e+00,3.145505445865869887e-01,-5.676839873194694519e-02,1.248794235289096832e-02
1.733375549316406250e+00,5.198775324970483780e-03,1.200000000000000000e+01,3.071194295867956114e-01,-4.913552105426788330e-02,1.662260666489601135e-02
5.038496851921081543e-01,5.156933795660734177e-03,1.300000000000000000e+01,3.002993072241984529e-01,3.103270009160041809e-02,1.630710065364837646e-02
-1.193318963050842285e-01,5.154462996870279312e-03,2.000000000000000000e+00,3.301993936212778702e-01,8.725175261497497559e-02,1.051713246852159500e-02
6.642132997512817383e-02,5.148651078343391418e-03,1.100000000000000000e+01,3.172174258447015838e-01,2.131730318069458008e-02,1.375508587807416916e-02
-3.109715700149536133e+00,5.142168607562780380e-03,2.000000000000000000e+00,3.458074664320059943e-01,-5.845223367214202881e-02,1.627084426581859589e-02
1.058436036109924316e+00,5.107799544930458069e-03,7.000000000000000000e+00,3.573692109170787390e-01,-7.215441018342971802e-02,1.647018641233444214e-02
-1.816001892089843750e+00,5.085560027509927750e-03,4.000000000000000000e+00,3.743073911899398865e-01,-7.379393279552459717e-02,1.033055037260055542e-02
-3.014734983444213867e+00,5.069031380116939545e-03,2.000000000000000000e+00,4.010703559083111380e-01,-4.310280084609985352e-03,1.845935359597206116e-02
9.999084472656250000e-01,5.022332072257995605e-03,7.000000000000000000e+00,4.128023355547834616e-01,-8.231842517852783203e-02,1.514174323529005051e-02
5.684250593185424805e-01,5.022102035582065582e-03,8.000000000000000000e+00,3.954379045344428856e-01,1.662445366382598877e-01,1.296829897910356522e-02
-5.559868812561035156e-01,5.050680134445428848e-03,1.000000000000000000e+01,4.048267697439277835e-01,4.585703462362289429e-02,1.050415635108947754e-02
2.001190662384033203e+00,5.063207354396581650e-03,1.000000000000000000e+01,3.840519354133208885e-01,5.708572268486022949e-02,1.368375029414892197e-02
3.217157363891601562e+00,5.074204411357641220e-03,2.000000000000000000e+00,4.101246069738249123e-01,4.421535879373550415e-03,1.138964481651782990e-02
-1.996666669845581055e+00,5.104931071400642395e-03,1.200000000000000000e+01,3.923883654003869625e-01,-7.882398366928100586e-02,1.065323036164045334e-02
-1.642546057701110840e-02,5.102733615785837173e-03,2.000000000000000000e+00,4.175560265987370845e-01,3.021614812314510345e-02,1.444559544324874878e-02
-9.600479602813720703e-01,5.066477227956056595e-03,8.000000000000000000e+00,4.116114712704014300e-01,6.278237700462341309e-02,1.862051337957382202e-02
1.731173992156982422e+00,5.053814500570297241e-03,2.000000000000000000e+00,4.361417991520317172e-01,-7.938739657402038574e-02,1.452858187258243561e-02
-1.218909502029418945e+00,4.998254589736461639e-03,9.000000000000000000e+00,4.401832390548074403e-01,-2.767745405435562134e-02,1.263078581541776657e-02
8.979856967926025391e-01,4.985322710126638412e-03,2.000000000000000000e+00,4.633200603510161386e-01,7.031774520874023438e-02,1.021244004368782043e-02
6.018501520156860352e-01,4.943435546010732651e-03,1.100000000000000000e+01,4.513415608203370510e-01,2.227972820401191711e-02,9.598870761692523956e-03
1.164148807525634766e+00,4.955552052706480026e-03,7.000000000000000000e+00,4.490650132523140714e-01,1.762812882661819458e-01,1.357639953494071960e-02
8.428038358688354492e-01,5.005906336009502411e-03,1.500000000000000000e+01,4.046928494264536713e-01,-2.487368881702423096e-03,1.481839735060930252e-02
4.778617024421691895e-01,5.049565341323614120e-03,1.000000000000000000e+01,3.682409126197657145e-01,-1.890330165624618530e-01,6.380818318575620651e-03
-1.013573884963989258e+00,5.124456714838743210e-03,1.300000000000000000e+01,3.314071134928457951e-01,-7.894055545330047607e-02,1.286693662405014038e-02
-2.417037010192871094e+00,5.164845380932092667e-03,8.000000000000000000e+00,3.241557342949920040e-01,-1.678418815135955811e-01,1.635303720831871033e-02
-8.642320632934570312e-01,5.201225169003009796e-03,8.000000000000000000e+00,3.136789084708931363e-01,-1.110036149621009827e-01,7.664339151233434677e-03
-5.203263163566589355e-01,5.208196584135293961e-03,7.000000000000000000e+00,2.990698102538218439e-01,-2.810649573802947998e-02,1.645678654313087463e-02
1.236751794815063477e+00,5.191603675484657288e-03,4.000000000000000000e+00,3.217261416716584166e-01,-2.709588035941123962e-02,1.097168307751417160e-02
-1.392178177833557129e+00,5.204591900110244751e-03,5.000000000000000000e+00,3.399042495318301826e-01,1.366607546806335449e-01,1.508905179798603058e-02
5.128380060195922852e-01,5.213046446442604065e-03,2.000000000000000000e+00,3.680239301489438564e-01,1.115293577313423157e-01,1.031320821493864059e-02
-1.197428464889526367e+00,5.176013801246881485e-03,1.700000000000000000e+01,3.414100918286356867e-01,-3.980116546154022217e-02,1.068312302231788635e-02
2.578134536743164062e+00,5.156852304935455322e-03,1.000000000000000000e+01,3.329115549060352452e-01,3.249865770339965820e-02,1.346059236675500870e-02
-1.859579205513000488e+00,5.194939207285642624e-03,8.000000000000000000e+00,3.286259084806855135e-01,-5.670055001974105835e-02,1.597438752651214600e-02
-3.741294145584106445e-01,5.213235504925251007e-03,9.000000000000000000e+00,2.888973145432983669e-01,-3.922446817159652710e-02,1.277049444615840912e-02
9.000931978225708008e-01,5.197625141590833664e-03,9.000000000000000000e+00,2.826750928471812863e-01,7.790322601795196533e-02,1.191744394600391388e-02
-1.511319518089294434e+00,5.195256322622299194e-03,3.000000000000000000e+00,3.097146446848723089e-01,-5.452302843332290649e-02,9.608954191207885742e-03
-1.981422662734985352e+00,5.160768516361713409e-03,1.000000000000000000e+01,2.993453097793035145e-01,-1.172959953546524048e-01,1.541966013610363007e-02
-1.298993706703186035e+00,5.074366461485624313e-03,9.000000000000000000e+00,3.026736325415416151e-01,9.795771539211273193e-02,2.060009166598320007e-02
1.463346600532531738e+00,4.993107169866561890e-03,9.000000000000000000e+00,2.925519529429894128e-01,-9.669193625450134277e-02,1.157371886074542999e-02
7.276056408882141113e-01,4.974418785423040390e-03,3.000000000000000000e+00,3.191130688315064190e-01,-9.360145032405853271e-02,1.054257154464721680e-02
-5.836614221334457397e-02,4.920946899801492691e-03,7.000000000000000000e+00,3.190843918918727651e-01,-1.621134951710700989e-02,1.251008640974760056e-02
5.689218640327453613e-01,4.864423535764217377e-03,1.100000000000000000e+01,3.192445053829948698e-01,-4.030608758330345154e-02,1.856569200754165649e-02
-7.480180263519287109e-01,4.855413455516099930e-03,1.000000000000000000e+01,3.104168584908535422e-01,-2.591226808726787567e-02,1.269769109785556793e-02
-5.185842514038085938e-02,4.696565680205821991e-03,5.000000000000000000e+02,-3.058953865017273621e+00,1.418682187795639038e-01,3.656099736690521240e-02
-8.532629013061523438e-01,4.684686660766601562e-03,3.000000000000000000e+00,-2.866352529663334092e+00,-1.743525452911853790e-02,1.289504207670688629e-02
8.694577217102050781e-01,4.594146739691495895e-03,1.600000000000000000e+01,-2.711139078490749199e+00,5.990179628133773804e-02,1.240043621510267258e-02
-1.084473490715026855e+00,4.482291173189878464e-03,1.000000000000000000e+01,-2.591499763255491473e+00,-7.896216958761215210e-02,1.790618896484375000e-02
-5.809736251831054688e-02,4.358794540166854858e-03,1.200000000000000000e+01,-2.453673672078962920e+00,2.968653850257396698e-02,1.953835971653461456e-02
2.536030530929565430e+00,4.121631849557161331e-03,2.500000000000000000e+01,-2.347279410577287173e+00,-4.140116274356842041e-03,1.011851895600557327e-02
2.561350464820861816e-01,4.121150355786085129e-03,2.000000000000000000e+00,-2.184720246087159978e+00,-6.966090202331542969e-02,1.137577649205923080e-02
7.949484586715698242e-01,4.136163741350173950e-03,8.000000000000000000e+00,-2.071515369103465343e+00,-7.374816387891769409e-02,2.203077822923660278e-02
8.630963563919067383e-01,4.157523158937692642e-03,1.000000000000000000e+01,-1.993073361108013142e+00,-2.495161257684230804e-02,1.982267946004867554e-02
-2.575812935829162598e-01,4.215717315673828125e-03,8.000000000000000000e+00,-1.870945181898616472e+00,-1.678803935647010803e-02,1.523646339774131775e-02
2.017325639724731445e+00,4.470093175768852234e-03,2.800000000000000000e+01,-1.810212778211609086e+00,-1.086324006319046021e-01,1.141088362783193588e-02
7.302164435386657715e-01,4.512638784945011139e-03,7.000000000000000000e+00,-1.724627610100236241e+00,1.592177152633666992e-01,9.163353592157363892e-03
-1.611591339111328125e+00,4.532232414931058884e-03,4.000000000000000000e+00,-1.625463216379563480e+00,2.586600556969642639e-02,1.647910848259925842e-02
-9.350148439407348633e-01,4.538616631180047989e-03,9.000000000000000000e+00,-1.550126332100745463e+00,-8.193093538284301758e-02,2.487782016396522522e-02
2.317133188247680664e+00,4.539724905043840408e-03,3.000000000000000000e+00,-1.431072020807554912e+00,2.535417862236499786e-02,1.462348364293575287e-02
-3.810611963272094727e-01,4.542613402009010315e-03,3.000000000000000000e+00,-1.319500640595710372e+00,1.231687813997268677e-01,1.646616309881210327e-02
-2.854300498962402344e+00,4.505032207816839218e-03,1.200000000000000000e+01,-1.240081561237840191e+00,-1.016864478588104248e-01,1.212288998067378998e-02
3.994119763374328613e-01,4.439676180481910706e-03,1.000000000000000000e+01,-1.177063236756876075e+00,-3.373000770807266235e-02,1.765751652419567108e-02
1.076032519340515137e+00,4.399030469357967377e-03,1.000000000000000000e+01,-1.132628426569270319e+00,-3.480306267738342285e-02,1.607199572026729584e-02
-8.544601202011108398e-01,4.391651134938001633e-03,9.000000000000000000e+00,-1.054991056421586748e+00,-2.423043921589851379e-02,1.404168363660573959e-02
9.783789515495300293e-01,4.389787558466196060e-03,2.000000000000000000e+00,-9.571566210729176571e-01,5.218713730573654175e-02,6.996793299913406372e-02
-3.550695180892944336e+00,4.386126063764095306e-03,2.000000000000000000e+00,-8.646448032523373906e-01,1.069024354219436646e-01,2.350480668246746063e-02
-1.482348918914794922e+00,4.337478429079055786e-03,1.000000000000000000e+01,-8.207811649408858212e-01,1.537328585982322693e-03,1.106699742376804352e-02
-4.047957658767700195e-01,4.305673763155937195e-03,8.000000000000000000e+00,-7.724916147916093268e-01,-6.309661269187927246e-02,2.276988700032234192e-02
-7.372885942459106445e-01,4.289200529456138611e-03,1.400000000000000000e+01,-7.301701885801699099e-01,6.693658232688903809e-02,1.955962926149368286e-02
1.798824548721313477e+00,4.286440555006265640e-03,8.000000000000000000e+00,-6.694756899128396777e-01,4.061742871999740601e-02,1.311288680881261826e-02
3.505433201789855957e-01,4.273250699043273926e-03,7.000000000000000000e+00,-6.245366796759305172e-01,-6.706462800502777100e-02,1.419662963598966599e-02
-2.025781273841857910e-01,4.257780499756336212e-03,8.000000000000000000e+00,-5.897571998747349609e-01,-1.097926869988441467e-02,4.910977929830551147e-02
-1.481644213199615479e-01,4.241533111780881882e-03,7.000000000000000000e+00,-5.354571936047626268e-01,1.198425740003585815e-01,1.792821660637855530e-02
-8.579173684120178223e-01,4.237465560436248779e-03,2.000000000000000000e+00,-4.638408204059526474e-01,-5.797944031655788422e-03,1.489740982651710510e-02
3.582607269287109375e+00,4.237631335854530334e-03,2.000000000000000000e+00,-3.952089329445053201e-01,-5.846106633543968201e-02,1.386241335421800613e-02
4.829799175262451172e+00,4.237806890159845352e-03,9.000000000000000000e+00,-3.561365659300987363e-01,5.728079006075859070e-02,1.607161760330200195e-02
-1.313906192779541016e+00,4.243956413120031357e-03,3.000000000000000000e+00,-2.978866577149708039e-01,-3.564543277025222778e-02,1.626603677868843079e-02
-5.042660236358642578e-01,4.268393851816654205e-03,8.000000000000000000e+00,-2.695034822822824361e-01,-1.144703924655914307e-01,1.702236942946910858e-02
3.861157417297363281e+00,4.278870299458503723e-03,3.000000000000000000e+00,-2.148068191559269480e-01,1.763932853937149048e-01,1.138021051883697510e-02
6.396071910858154297e-01,4.320428241044282913e-03,1.100000000000000000e+01,-1.982852508478956111e-01,1.669358313083648682e-01,1.388651877641677856e-02
5.569523572921752930e-01,4.339464474469423294e-03,9.000000000000000000e+00,-1.905858283600128655e-01,2.997399494051933289e-02,1.461859792470932007e-02
5.626806020736694336e-01,4.351038485765457153e-03,1.000000000000000000e+01,-1.510522111535441137e-01,4.660445451736450195e-02,1.503661740571260452e-02
2.269088506698608398e+00,4.334249068051576614e-03,7.000000000000000000e+00,-1.206477288967721384e-01,-9.027076512575149536e-02,1.952736638486385345e-02
-5.160459518432617188e+00,4.305602051317691803e-03,1.700000000000000000e+01,-1.258630207392608114e-01,-3.744975477457046509e-02,1.236863899976015091e-02
-2.983357429504394531e+00,4.292021971195936203e-03,7.000000000000000000e+00,-1.011269405387225928e-01,-9.073647111654281616e-02,1.214648503810167313e-02
-3.392095804214477539e+00,4.276067484170198441e-03,7.000000000000000000e+00,-8.225012226971625817e-02,-1.702202260494232178e-01,1.366594154387712479e-02
-1.779592394828796387e+00,4.265256226062774658e-03,6.000000000000000000e+00,-5.193417584020899869e-02,-3.656516224145889282e-02,8.018231019377708435e-03
-8.947673439979553223e-01,4.276308231055736542e-03,6.000000000000000000e+00,-2.014917252573427547e-02,-4.909047484397888184e-02,1.252492703497409821e-02
1.260258793830871582e+00,4.286119714379310608e-03,5.000000000000000000e+00,1.518420670472180739e-02,4.223951138556003571e-03,9.992089122533798218e-03
-2.648285388946533203e+00,4.290652927011251450e-03,3.000000000000000000e+00,5.580891846955286090e-02,-1.245023459196090698e-01,1.540618110448122025e-02
-1.300492286682128906e+00,4.294857382774353027e-03,9.000000000000000000e+00,7.906812542799555865e-02,-9.753324091434478760e-02,1.660114154219627380e-02
-2.217860668897628784e-01,4.294146783649921417e-03,2.000000000000000000e+00,1.204710069638219583e-01,2.010163851082324982e-02,2.321081236004829407e-02
-2.832015037536621094e+00,4.285373724997043610e-03,1.100000000000000000e+01,1.183136562058966085e-01,3.074990957975387573e-02,1.580635830760002136e-02
-1.083331227302551270e+00,4.261334892362356186e-03,7.000000000000000000e+00,1.425710154396453155e-01,9.913583099842071533e-02,1.825136505067348480e-02
-9.668849706649780273e-01,4.255478736013174057e-03,5.000000000000000000e+00,1.661157409281582287e-01,-6.828714907169342041e-02,1.806114241480827332e-02
3.766771554946899414e-01,4.261621274054050446e-03,1.100000000000000000e+01,1.144573026582100111e-01,-9.042972326278686523e-02,1.292106509208679199e-02
9.218853116035461426e-01,4.288953263312578201e-03,4.000000000000000000e+00,1.457022948935899342e-01,-1.507091708481311798e-02,1.009641587734222412e-02
3.272239685058593750e+00,4.301764536648988724e-03,2.000000000000000000e+00,1.831475409548987410e-01,-7.143117487430572510e-02,1.061463542282581329e-02
1.318556308746337891e+00,4.314558580517768860e-03,2.000000000000000000e+00,2.195552646664216123e-01,4.828263074159622192e-02,2.305095829069614410e-02
-7.565824389457702637e-01,4.329469054937362671e-03,2.000000000000000000e+00,2.532491080780885917e-01,3.540258109569549561e-02,1.035196986049413681e-02
5.227760076522827148e-01,4.342314787209033966e-03,2.000000000000000000e+00,2.861177772958138910e-01,6.024698540568351746e-02,1.286148652434349060e-02
2.207385301589965820e-01,4.422470927238464355e-03,9.000000000000000000e+00,2.826372155629204297e-01,-1.058611422777175903e-01,1.276082172989845276e-02
2.175679206848144531e+00,4.445817321538925171e-03,3.000000000000000000e+00,3.080379785973306750e-01,-7.368620485067367554e-03,1.237409655004739761e-02
1.249482929706573486e-01,4.514209926128387451e-03,8.000000000000000000e+00,3.242627375296803782e-01,-6.297387927770614624e-02,1.684683561325073242e-02
4.396409511566162109e+00,4.536848980933427811e-03,3.000000000000000000e+00,3.476156451626072341e-01,1.381060779094696045e-01,1.779510825872421265e-02
-5.292323827743530273e-01,4.581683315336704254e-03,5.000000000000000000e+00,3.413914485307810165e-01,-6.833273172378540039e-02,1.633778959512710571e-02
2.373495399951934814e-01,4.647687077522277832e-03,8.000000000000000000e+00,3.511193350062433716e-01,-2.451121062040328979e-02,2.276760898530483246e-02
-1.039427757263183594e+00,4.655543714761734009e-03,3.000000000000000000e+00,3.503018236259997642e-01,1.080896556377410889e-01,1.007955800741910934e-02
1.180637359619140625e+00,4.653437063097953796e-03,9.000000000000000000e+00,3.243023479340336190e-01,6.952476501464843750e-02,2.174538373947143555e-02
1.261835575103759766e+00,4.626967944204807281e-03,4.000000000000000000e+00,3.427113827953704450e-01,-4.659195244312286377e-02,1.375666726380586624e-02
-2.585539817810058594e+00,4.599744919687509537e-03,3.000000000000000000e+00,3.416643701538910061e-01,-1.683751940727233887e-01,1.793767698109149933e-02
-1.493399977684020996e+00,4.493339918553829193e-03,1.100000000000000000e+01,3.286993164612050933e-01,-7.386623322963714600e-02,1.909378543496131897e-02
5.642598867416381836e-02,4.463824443519115448e-03,3.000000000000000000e+00,3.526262397173579588e-01,-2.770084887742996216e-02,1.820613257586956024e-02
-1.899820089340209961e+00,4.438535310328006744e-03,3.000000000000000000e+00,3.765176735195874258e-01,1.444882154464721680e-01,7.622900605201721191e-02
3.754658222198486328e+00,4.389511421322822571e-03,6.000000000000000000e+00,3.801526569356213914e-01,6.157555431127548218e-02,1.985461823642253876e-02
-1.435958147048950195e+00,4.374098032712936401e-03,2.000000000000000000e+00,4.063343052693413338e-01,1.404174417257308960e-01,1.924797520041465759e-02
1.335849642753601074e+00,4.360041581094264984e-03,2.000000000000000000e+00,4.317315701292749330e-01,1.820525228977203369e-01,1.720368675887584686e-02
-2.950711250305175781e+00,4.299225751310586929e-03,1.300000000000000000e+01,4.221010655253585320e-01,-2.015646547079086304e-03,1.270983461290597916e-02
1.554191589355468750e+00,4.282203502953052521e-03,7.000000000000000000e+00,4.118723765100025247e-01,-2.453316748142242432e-02,1.690680906176567078e-02
-5.436024069786071777e-02,4.290051292628049850e-03,7.000000000000000000e+00,4.195995643442604894e-01,-1.524062640964984894e-02,1.398707367479801178e-02
1.100129842758178711e+00,4.297748208045959473e-03,6.000000000000000000e+00,4.249545718451785414e-01,9.050033986568450928e-02,1.499578822404146194e-02
1.927450656890869141e+00,4.313538316637277603e-03,4.000000000000000000e+00,4.415556412522420038e-01,2.145727574825286865e-01,1.368401199579238892e-02
-7.756466865539550781e-01,4.325065761804580688e-03,2.000000000000000000e+00,4.643034436310533031e-01,-1.404388695955276489e-01,1.850756071507930756e-02
1.916279554367065430e+00,4.372223280370235443e-03,1.400000000000000000e+01,4.097799684211554938e-01,4.212800413370132446e-02,1.438575610518455505e-02
1.856459617614746094e+00,4.396297968924045563e-03,3.000000000000000000e+00,4.300245175088143190e-01,8.790670335292816162e-02,2.174818888306617737e-02
1.409108877182006836e+00,4.510440398007631302e-03,1.000000000000000000e+01,4.209294100337684919e-01,8.156962692737579346e-03,1.501882728189229965e-02
2.848155975341796875e+00,4.529263824224472046e-03,2.000000000000000000e+00,4.447862614688066207e-01,-5.088254436850547791e-02,1.194794103503227234e-02
-2.554964423179626465e-01,4.697553347796201706e-03,1.600000000000000000e+01,4.308027290698834277e-01,-8.319772779941558838e-02,1.841493509709835052e-02
-8.293557167053222656e-01,4.721838980913162231e-03,3.000000000000000000e+00,4.491499709811906382e-01,1.039917767047882080e-02,1.933607272803783417e-02
1.747034668922424316e+00,4.744901321828365326e-03,3.000000000000000000e+00,4.672848154197877246e-01,-4.961886629462242126e-02,1.799375936388969421e-02
1.052831411361694336e+00,4.831696394830942154e-03,1.300000000000000000e+01,4.302252880619176767e-01,1.020623072981834412e-01,2.039154432713985443e-02
-1.035970449447631836e+00,4.853862337768077850e-03,3.000000000000000000e+00,4.486854609640338332e-01,-9.852981567382812500e-02,2.018773183226585388e-02
8.253642320632934570e-01,4.867790266871452332e-03,3.000000000000000000e+00,4.668127655935588871e-01,-2.490402571856975555e-02,1.259296201169490814e-02
-8.580381870269775391e-01,4.876053426414728165e-03,3.000000000000000000e+00,4.852250371828365494e-01,-3.954657912254333496e-02,1.284238323569297791e-02
-1.134530067443847656e+00,4.838094115257263184e-03,9.000000000000000000e+00,4.872990012647662184e-01,-8.800698816776275635e-02,1.426282338798046112e-02
-2.365724802017211914e+00,4.783819895237684250e-03,1.000000000000000000e+01,4.723533642746861605e-01,-6.724858283996582031e-02,1.590058580040931702e-02
-1.474622488021850586e+00,4.644868895411491394e-03,3.800000000000000000e+01,3.825729662388526187e-01,-1.850469224154949188e-02,1.808724179863929749e-02
5.367530882358551025e-02,4.626614972949028015e-03,8.000000000000000000e+00,3.920334546391630592e-01,-1.132373958826065063e-01,1.412206701934337616e-02
-1.780745744705200195e+00,4.510803613811731339e-03,1.400000000000000000e+01,3.433676136849563298e-01,-3.551517799496650696e-02,1.384914945811033249e-02
1.075654268264770508e+00,4.480035044252872467e-03,3.000000000000000000e+00,3.658156125150451299e-01,7.597333937883377075e-02,1.184220425784587860e-02
2.027055323123931885e-01,4.395805764943361282e-03,9.000000000000000000e+00,3.569062887487026714e-01,-4.398278519511222839e-02,1.483023352921009064e-02
1.256176114082336426e+00,4.372652620077133179e-03,7.000000000000000000e+00,3.548500103915087633e-01,-9.419411420822143555e-03,1.887319795787334442e-02
-2.504158973693847656e+00,4.361245781183242798e-03,7.000000000000000000e+00,3.490549573060010569e-01,-2.631443738937377930e-02,1.500942371785640717e-02
6.084664463996887207e-01,4.359889775514602661e-03,8.000000000000000000e+00,3.452148640596198748e-01,7.159788906574249268e-02,8.492693305015563965e-03
1.484234631061553955e-01,4.360892344266176224e-03,3.000000000000000000e+00,3.683137479395828251e-01,-1.021367497742176056e-02,1.554090064018964767e-02
1.597170352935791016e+00,4.361686762422323227e-03,7.000000000000000000e+00,3.787470211657487651e-01,1.482133865356445312e-01,1.634996011853218079e-02
9.898616075515747070e-01,4.401569254696369171e-03,7.000000000000000000e+00,3.736844478864444485e-01,-3.231510147452354431e-02,1.383770629763603210e-02
-1.699198246002197266e+00,4.433794878423213959e-03,9.000000000000000000e+00,3.509701498228335881e-01,-5.955560877919197083e-02,2.170264348387718201e-02
1.557293176651000977e+00,4.441310651600360870e-03,1.000000000000000000e+01,3.412322491391622248e-01,-3.148627281188964844e-02,2.601668238639831543e-02
8.245826363563537598e-01,4.531821701675653458e-03,1.000000000000000000e+01,3.353109719403005728e-01,1.137481033802032471e-01,1.737273484468460083e-02
1.116793453693389893e-01,4.598457831889390945e-03,1.100000000000000000e+01,3.101957312668409128e-01,-6.698267161846160889e-02,9.979366324841976166e-03
1.516842842102050781e+00,4.680062644183635712e-03,1.100000000000000000e+01,2.901224601763282007e-01,1.048950757831335068e-02,2.123185247182846069e-02
1.843386888504028320e+00,4.954117815941572189e-03,1.430000000000000000e+02,-3.950439147702948239e-01,1.719272583723068237e-01,1.592177152633666992e-02
2.097632408142089844e+00,4.957731347531080246e-03,2.000000000000000000e+00,-3.304480039750030684e-01,1.119057685136795044e-01,1.157328113913536072e-02
-2.766726970672607422e+00,4.953957162797451019e-03,8.000000000000000000e+00,-2.902904499313003206e-01,1.078844070434570312e-01,2.580112032592296600e-02
1.008454084396362305e+00,4.916849546134471893e-03,8.000000000000000000e+00,-2.500061705140995683e-01,-4.730907082557678223e-02,2.900032699108123779e-02
1.138285398483276367e-01,4.913903307169675827e-03,6.000000000000000000e+00,-2.272085998785784988e-01,-2.202329412102699280e-02,1.298971474170684814e-02
-1.629688262939453125e+00,4.891602788120508194e-03,1.200000000000000000e+01,-2.104113450637138394e-01,4.033724963665008545e-02,1.377720106393098831e-02
-2.213329792022705078e+00,4.873285070061683655e-03,7.000000000000000000e+00,-1.874817941031001745e-01,-9.033802151679992676e-02,1.295690983533859253e-02
-7.058656811714172363e-01,4.852631129324436188e-03,6.000000000000000000e+00,-1.479958074062154294e-01,-1.767829433083534241e-02,1.311944425106048584e-02
-4.685574531555175781e+00,4.845350049436092377e-03,2.000000000000000000e+00,-9.588684270090175321e-02,-6.694564968347549438e-02,1.974151842296123505e-02
1.457665324211120605e+00,4.837464075535535812e-03,5.000000000000000000e+00,-5.779908458730575321e-02,5.307003855705261230e-03,1.955191232264041901e-02
2.492538928985595703e+00,4.707024432718753815e-03,8.000000000000000000e+01,-2.825085745982721663e-01,1.205523014068603516e-01,1.978670060634613037e-02
3.719896316528320312e+00,4.738712683320045471e-03,9.000000000000000000e+00,-2.600679624598001838e-01,4.876006394624710083e-03,3.609205782413482666e-02
-3.002002537250518799e-01,4.827751312404870987e-03,1.000000000000000000e+01,-2.460090802579856517e-01,7.079140096902847290e-02,3.275921195745468140e-02
2.907029628753662109e+00,4.909207578748464584e-03,1.100000000000000000e+01,-2.716285879061867692e-01,1.570592075586318970e-01,2.937446348369121552e-02
-8.889336585998535156e-01,4.999336786568164825e-03,1.100000000000000000e+01,-2.646596173359888060e-01,-2.608431316912174225e-02,1.725226081907749176e-02
8.482563495635986328e-01,5.014638416469097137e-03,2.000000000000000000e+00,-2.065216631112734846e-01,1.088109165430068970e-01,1.456508412957191467e-02
-1.570041060447692871e+00,5.050309468060731888e-03,7.000000000000000000e+00,-1.800699150956996675e-01,1.270967349410057068e-02,1.265800651162862778e-02
-1.129131317138671875e+00,5.052850581705570221e-03,2.000000000000000000e+00,-1.264317124413909532e-01,-4.437539726495742798e-02,1.735690049827098846e-02
-2.580586194992065430e+00,5.062847398221492767e-03,8.000000000000000000e+00,-9.283464518547940303e-02,-5.167498067021369934e-02,1.993146166205406189e-02
4.451082944869995117e-01,5.070968065410852432e-03,1.300000000000000000e+01,-8.668794314307812221e-02,5.203949287533760071e-03,2.201156504452228546e-02
-8.642997145652770996e-01,5.073028616607189178e-03,1.200000000000000000e+01,-7.817916784416338583e-02,1.418938487768173218e-01,2.919781208038330078e-02
1.841176509857177734e+00,5.067416932433843613e-03,3.000000000000000000e+00,-3.488552660290564905e-02,1.337640136480331421e-01,2.395987324416637421e-02
4.572890400886535645e-01,4.985888488590717316e-03,1.100000000000000000e+01,-2.055816735840794787e-02,3.164456784725189209e-02,1.093606837093830109e-02
-3.447819709777832031e+00,4.910649731755256653e-03,1.100000000000000000e+01,-9.942259370943996172e-03,-1.420812904834747314e-01,1.470899581909179688e-02
1.944707393646240234e+00,4.851793870329856873e-03,1.200000000000000000e+01,8.163297245226266291e-03,1.383590102195739746e-01,1.460671983659267426e-02
1.193703174591064453e+00,4.825914744287729263e-03,6.000000000000000000e+00,3.012278079078184109e-02,-2.066805958747863770e-03,1.889943145215511322e-02
-8.502743244171142578e-01,4.810526035726070404e-03,2.000000000000000000e+00,7.416179246337520348e-02,-2.070700749754905701e-02,1.774726063013076782e-02
-1.996903300285339355e+00,4.762150347232818604e-03,6.000000000000000000e+00,7.766729648709040645e-02,-2.946608513593673706e-02,1.247194595634937286e-02
9.379131197929382324e-01,4.732234403491020203e-03,7.000000000000000000e+00,9.427541193127388086e-02,-7.054239511489868164e-02,1.380374655127525330e-02
1.515578150749206543e+00,4.732794128358364105e-03,2.000000000000000000e+00,1.337732435457087421e-01,3.145616501569747925e-03,2.430183440446853638e-02
-3.092849016189575195e+00,4.711567424237728119e-03,1.000000000000000000e+01,1.515059011064537331e-01,1.254990398883819580e-01,6.156262755393981934e-02
3.105997085571289062e+00,5.064305849373340607e-03,1.220000000000000000e+02,-2.914049909722368770e-01,1.478030681610107422e-01,1.994414068758487701e-02
-6.128993630409240723e-02,5.079869180917739868e-03,7.000000000000000000e+00,-2.542321382116261019e-01,1.193151623010635376e-01,1.177116855978965759e-02
5.798854231834411621e-01,5.082830321043729782e-03,2.000000000000000000e+00,-1.961210707320207025e-01,1.135913804173469543e-01,1.719761081039905548e-02
-8.304710388183593750e-01,5.119120236486196518e-03,8.000000000000000000e+00,-1.670008622128528186e-01,6.122565641999244690e-02,1.050623133778572083e-02
3.005071878433227539e+00,5.140300840139389038e-03,3.000000000000000000e+00,-1.180116037669602658e-01,1.106593534350395203e-01,2.110897563397884369e-02
1.692168831825256348e+00,5.155264399945735931e-03,2.000000000000000000e+00,-6.716676219162170947e-02,1.094225123524665833e-01,3.600506111979484558e-02
8.070387840270996094e-01,5.343953147530555725e-03,1.500000000000000000e+01,-8.801001912021620688e-02,6.614349782466888428e-02,1.523997914046049118e-02
-7.816380262374877930e-02,5.491899326443672180e-03,8.000000000000000000e+00,-5.184201368819459782e-02,8.432121947407722473e-03,4.978273808956146240e-02
3.979457914829254150e-01,5.520631093531847000e-03,2.000000000000000000e+00,-3.881465476495475631e-03,-3.103564307093620300e-02,1.283046044409275055e-02
8.250662088394165039e-01,5.808827932924032211e-03,2.700000000000000000e+01,-1.259800272947085749e-02,9.015651047229766846e-02,4.528107121586799622e-02
8.757798075675964355e-01,5.833771545439958572e-03,1.300000000000000000e+01,-2.725321455674624416e-02,1.207784116268157959e-01,1.234740205109119415e-02
9.951384067535400391e-01,5.885492544621229172e-03,8.000000000000000000e+00,-1.039026686234666152e-02,3.421274945139884949e-02,1.958177238702774048e-02
1.312624692916870117e+00,5.896939896047115326e-03,2.000000000000000000e+00,3.525518841297205913e-02,-3.734005615115165710e-02,3.322603926062583923e-02
-9.107936620712280273e-01,5.907966755330562592e-03,3.000000000000000000e+00,7.445407677107293565e-02,5.575112998485565186e-03,1.575172692537307739e-02
1.105561733245849609e+00,5.908448714762926102e-03,2.000000000000000000e+00,1.161675305912154565e-01,9.624379873275756836e-02,2.664455026388168335e-02
-2.117604494094848633e+00,5.909823812544345856e-03,1.200000000000000000e+01,1.227344889913295489e-01,1.050972286611795425e-02,2.596732042729854584e-02
2.338862419128417969e-02,5.867757368832826614e-03,7.000000000000000000e+00,1.302598315974652921e-01,-4.408036544919013977e-02,2.508924156427383423e-02
5.816229581832885742e-01,5.836103111505508423e-03,7.000000000000000000e+00,1.444567066754451623e-01,8.443649113178253174e-02,2.578095160424709320e-02
1.578659176826477051e+00,5.797875113785266876e-03,7.000000000000000000e+00,1.487749246219072508e-01,2.594225108623504639e-02,1.250202953815460205e-02
